Accuracy: 0.8970

Classification Report:
              precision    recall  f1-score   support

        down       0.84      0.72      0.77       253
          go       0.76      0.70      0.73       251
        left       0.91      0.80      0.85       267
          no       0.77      0.74      0.75       252
         off       0.85      0.82      0.83       262
          on       0.84      0.86      0.85       246
       right       0.82      0.76      0.79       259
     silence       0.97      0.88      0.92        41
        stop       0.88      0.88      0.88       249
          up       0.89      0.85      0.87       272
         yes       0.91      0.84      0.87       256
     unknown       0.92      0.96      0.94      4268

    accuracy                           0.90      6876
   macro avg       0.86      0.82      0.84      6876
weighted avg       0.90      0.90      0.90      6876


Confusion Matrix:
182 13 1 10 0 0 0 0 1 1 0 45
9 176 0 6 0 0 0 0 11 0 1 48
0 0 213 9 2 0 2 0 1 2 9 29
1 6 0 186 1 0 0 0 0 0 6 52
0 0 1 0 215 15 0 0 1 8 0 22
1 0 0 0 6 212 0 0 0 2 0 25
0 0 1 1 0 0 196 0 0 0 0 61
0 0 0 0 0 0 0 36 0 0 0 5
1 8 1 0 3 0 0 0 219 8 0 9
0 0 1 0 18 0 0 0 3 230 0 20
1 2 6 5 0 0 1 0 0 0 215 26
22 26 9 24 9 24 40 1 12 7 6 4088


Normalized Confusion Matrix (%):
71.9 5.1 0.4 4.0 0.0 0.0 0.0 0.0 0.4 0.4 0.0 17.8
3.6 70.1 0.0 2.4 0.0 0.0 0.0 0.0 4.4 0.0 0.4 19.1
0.0 0.0 79.8 3.4 0.7 0.0 0.7 0.0 0.4 0.7 3.4 10.9
0.4 2.4 0.0 73.8 0.4 0.0 0.0 0.0 0.0 0.0 2.4 20.6
0.0 0.0 0.4 0.0 82.1 5.7 0.0 0.0 0.4 3.1 0.0 8.4
0.4 0.0 0.0 0.0 2.4 86.2 0.0 0.0 0.0 0.8 0.0 10.2
0.0 0.0 0.4 0.4 0.0 0.0 75.7 0.0 0.0 0.0 0.0 23.6
0.0 0.0 0.0 0.0 0.0 0.0 0.0 87.8 0.0 0.0 0.0 12.2
0.4 3.2 0.4 0.0 1.2 0.0 0.0 0.0 88.0 3.2 0.0 3.6
0.0 0.0 0.4 0.0 6.6 0.0 0.0 0.0 1.1 84.6 0.0 7.4
0.4 0.8 2.3 2.0 0.0 0.0 0.4 0.0 0.0 0.0 84.0 10.2
0.5 0.6 0.2 0.6 0.2 0.6 0.9 0.0 0.3 0.2 0.1 95.8
