Accuracy: 0.8384

Classification Report:
              precision    recall  f1-score   support

        down       0.64      0.60      0.62       253
          go       0.51      0.22      0.31       251
        left       0.78      0.70      0.74       267
          no       0.65      0.52      0.58       252
         off       0.79      0.69      0.74       262
          on       0.78      0.80      0.79       246
       right       0.75      0.52      0.62       259
     silence       0.00      0.00      0.00        41
        stop       0.93      0.86      0.89       249
          up       0.73      0.69      0.71       272
         yes       0.91      0.72      0.80       256
     unknown       0.87      0.97      0.92      4268

    accuracy                           0.84      6876
   macro avg       0.70      0.61      0.64      6876
weighted avg       0.82      0.84      0.82      6876


Confusion Matrix:
151 18 0 9 0 0 1 0 0 1 0 73
54 55 0 30 0 0 2 0 0 3 0 107
0 0 188 1 0 0 16 0 0 3 17 42
7 20 1 130 1 0 10 0 0 0 0 83
0 1 0 0 182 27 0 0 1 20 0 31
0 0 0 0 15 196 0 0 0 1 0 34
0 1 12 14 0 0 135 0 0 0 1 96
0 0 0 5 0 0 0 0 0 23 0 13
0 0 0 0 1 0 0 0 213 4 0 31
0 2 1 0 16 1 0 0 10 189 0 53
0 0 30 0 0 0 2 0 1 0 185 38
23 10 10 10 14 28 13 0 4 14 1 4141


Normalized Confusion Matrix (%):
59.7 7.1 0.0 3.6 0.0 0.0 0.4 0.0 0.0 0.4 0.0 28.9
21.5 21.9 0.0 12.0 0.0 0.0 0.8 0.0 0.0 1.2 0.0 42.6
0.0 0.0 70.4 0.4 0.0 0.0 6.0 0.0 0.0 1.1 6.4 15.7
2.8 7.9 0.4 51.6 0.4 0.0 4.0 0.0 0.0 0.0 0.0 32.9
0.0 0.4 0.0 0.0 69.5 10.3 0.0 0.0 0.4 7.6 0.0 11.8
0.0 0.0 0.0 0.0 6.1 79.7 0.0 0.0 0.0 0.4 0.0 13.8
0.0 0.4 4.6 5.4 0.0 0.0 52.1 0.0 0.0 0.0 0.4 37.1
0.0 0.0 0.0 12.2 0.0 0.0 0.0 0.0 0.0 56.1 0.0 31.7
0.0 0.0 0.0 0.0 0.4 0.0 0.0 0.0 85.5 1.6 0.0 12.4
0.0 0.7 0.4 0.0 5.9 0.4 0.0 0.0 3.7 69.5 0.0 19.5
0.0 0.0 11.7 0.0 0.0 0.0 0.8 0.0 0.4 0.0 72.3 14.8
0.5 0.2 0.2 0.2 0.3 0.7 0.3 0.0 0.1 0.3 0.0 97.0
