Accuracy: 0.7261

Classification Report:
              precision    recall  f1-score   support

        down       0.00      0.00      0.00       253
          go       0.41      0.06      0.10       251
        left       0.39      0.11      0.17       267
          no       0.00      0.00      0.00       252
         off       0.56      0.55      0.56       262
          on       0.62      0.50      0.56       246
       right       0.00      0.00      0.00       259
     silence       0.00      0.00      0.00        41
        stop       0.58      0.80      0.67       249
          up       0.68      0.46      0.55       272
         yes       0.33      0.77      0.46       256
     unknown       0.80      0.97      0.88      4268

    accuracy                           0.73      6876
   macro avg       0.36      0.35      0.33      6876
weighted avg       0.63      0.73      0.66      6876


Confusion Matrix:
0 10 8 0 0 2 0 0 13 0 10 210
0 15 8 0 1 0 0 0 51 5 11 160
0 7 29 0 0 0 0 0 11 0 147 73
0 1 6 0 0 0 0 0 0 2 124 119
0 0 0 0 145 57 0 0 6 25 0 29
0 0 0 0 39 123 0 0 1 0 0 83
0 1 10 0 0 0 0 0 2 1 59 186
0 0 0 0 0 0 0 0 0 0 0 41
0 0 0 0 2 1 0 0 200 18 0 28
0 0 0 0 64 2 0 0 28 126 0 52
0 2 7 0 0 0 0 0 4 0 198 45
0 1 7 0 8 12 0 0 28 7 48 4157


Normalized Confusion Matrix (%):
0.0 4.0 3.2 0.0 0.0 0.8 0.0 0.0 5.1 0.0 4.0 83.0
0.0 6.0 3.2 0.0 0.4 0.0 0.0 0.0 20.3 2.0 4.4 63.7
0.0 2.6 10.9 0.0 0.0 0.0 0.0 0.0 4.1 0.0 55.1 27.3
0.0 0.4 2.4 0.0 0.0 0.0 0.0 0.0 0.0 0.8 49.2 47.2
0.0 0.0 0.0 0.0 55.3 21.8 0.0 0.0 2.3 9.5 0.0 11.1
0.0 0.0 0.0 0.0 15.9 50.0 0.0 0.0 0.4 0.0 0.0 33.7
0.0 0.4 3.9 0.0 0.0 0.0 0.0 0.0 0.8 0.4 22.8 71.8
0.0 0.0 0.0 0.0 0.0 0.0 0.0 0.0 0.0 0.0 0.0 100.0
0.0 0.0 0.0 0.0 0.8 0.4 0.0 0.0 80.3 7.2 0.0 11.2
0.0 0.0 0.0 0.0 23.5 0.7 0.0 0.0 10.3 46.3 0.0 19.1
0.0 0.8 2.7 0.0 0.0 0.0 0.0 0.0 1.6 0.0 77.3 17.6
0.0 0.0 0.2 0.0 0.2 0.3 0.0 0.0 0.7 0.2 1.1 97.4
