2.009282112121582031e+00
1.678039550781250000e+00
1.137436509132385254e+00
8.718066811561584473e-01
1.212243795394897461e+00
8.398970365524291992e-01
8.237999081611633301e-01
7.628198862075805664e-01
9.128877520561218262e-01
5.635074973106384277e-01
9.663686156272888184e-01
4.485836327075958252e-01
7.760827541351318359e-01
3.445826768875122070e-01
6.645762324333190918e-01
6.198371648788452148e-01
1.076664566993713379e+00
3.506636619567871094e-01
2.594581842422485352e-01
2.108343601226806641e+00
4.054366350173950195e-01
2.641603946685791016e-01
2.090002596378326416e-01
3.109584808349609375e+00
4.236812591552734375e-01
4.309906661510467529e-01
2.395256608724594116e-01
2.275331974029541016e+00
1.966618448495864868e-01
3.245644867420196533e-01
1.195253729820251465e-01
1.424685239791870117e+00
2.255487442016601562e-01
3.828746974468231201e-01
1.817367821931838989e-01
2.592885732650756836e+00
4.244612157344818115e-01
3.023769855499267578e-01
1.278744041919708252e-01
1.347430944442749023e-01
2.279703617095947266e+00
3.408017158508300781e-01
1.978601515293121338e-01
1.883708536624908447e-01
1.334890425205230713e-01
3.622062802314758301e-01
1.056730300188064575e-01
1.650421023368835449e-01
2.818797230720520020e-01
1.239884421229362488e-01
2.344563007354736328e-01
4.121881127357482910e-01
3.072917461395263672e-01
1.357748657464981079e-01
1.088261604309082031e-01
1.233889579772949219e+00
4.370813667774200439e-01
6.853833198547363281e-01
2.248556166887283325e-01
1.009165868163108826e-01
5.297612771391868591e-02
2.135836601257324219e+00
3.710963726043701172e-01
4.336587190628051758e-01
3.824646174907684326e-01
1.827965229749679565e-01
1.333350241184234619e-01
2.761835046112537384e-02
6.111449003219604492e-02
2.249641180038452148e+00
8.613181114196777344e-01
5.907169580459594727e-01
3.513591587543487549e-01
4.216075316071510315e-02
8.742369711399078369e-02
3.224122524261474609e+00
1.080208063125610352e+00
3.185429275035858154e-01
1.805795878171920776e-01
9.390883892774581909e-02
2.548025548458099365e-01
3.305657505989074707e-01
2.457463741302490234e-01
2.104618251323699951e-01
5.968923568725585938e-01
2.880975306034088135e-01
2.670100927352905273e-01
9.511584043502807617e-01
7.732681632041931152e-01
3.613812327384948730e-01
1.205400943756103516e+00
1.033797383308410645e+00
3.834493160247802734e-01
1.433607935905456543e+00
1.654625535011291504e+00
2.396347969770431519e-01
9.136685729026794434e-01
6.425477862358093262e-01
4.101283848285675049e-01
6.926625967025756836e-01
5.150892138481140137e-01
3.580593764781951904e-01
6.893554925918579102e-01
9.499827027320861816e-01
1.574871420860290527e+00
1.605490446090698242e+00
3.299756646156311035e-01
1.204311728477478027e+00
6.105458140373229980e-01
4.189569950103759766e-01
4.357107877731323242e-01
4.640232324600219727e-01
3.783343434333801270e-01
4.163497984409332275e-01
4.544877409934997559e-01
5.998421311378479004e-01
4.993829727172851562e-01
4.272603094577789307e-01
4.927209019660949707e-01
7.261295318603515625e-01
9.910312891006469727e-01
8.465078473091125488e-01
7.524708509445190430e-01
5.002007484436035156e-01
7.814127206802368164e-01
5.748987197875976562e-01
5.102180242538452148e-01
5.343587398529052734e-01
4.148746132850646973e-01
5.383300781250000000e-01
6.004342436790466309e-01
8.996762633323669434e-01
1.407586932182312012e+00
2.408185005187988281e+00
4.267308712005615234e-01
1.115203857421875000e+00
9.038088321685791016e-01
4.925652146339416504e-01
5.467270612716674805e-01
5.293346047401428223e-01
4.533017277717590332e-01
4.204823374748229980e-01
5.061708688735961914e-01
5.401478409767150879e-01
6.574143171310424805e-01
5.670418739318847656e-01
6.968441605567932129e-01
8.075110912322998047e-01
1.185475111007690430e+00
1.221647739410400391e+00
7.685167789459228516e-01
6.280356645584106445e-01
4.503594934940338135e-01
6.696357131004333496e-01
6.472641229629516602e-01
5.286560058593750000e-01
4.531775712966918945e-01
4.049801230430603027e-01
4.909784495830535889e-01
6.022834777832031250e-01
7.792097330093383789e-01
1.101824641227722168e+00
4.105548262596130371e-01
3.804364800453186035e-01
3.710530996322631836e-01
4.999099969863891602e-01
6.441251635551452637e-01
5.862431526184082031e-01
5.024610161781311035e-01
3.981018662452697754e-01
3.258804976940155029e-01
4.743870496749877930e-01
4.812502264976501465e-01
3.935135304927825928e-01
5.328984856605529785e-01
4.243262708187103271e-01
3.517452478408813477e-01
4.804680049419403076e-01
4.370743632316589355e-01
2.175272703170776367e-01
1.957825124263763428e-01
3.903698325157165527e-01
3.462902903556823730e-01
3.135890364646911621e-01
3.198876976966857910e-01
4.292242527008056641e-01
4.185466170310974121e-01
2.221381068229675293e-01
3.128250837326049805e-01
3.343085646629333496e-01
3.312961757183074951e-01
2.983436286449432373e-01
2.932424545288085938e-01
4.661122858524322510e-01
6.389561295509338379e-01
1.041413545608520508e+00
2.113356143236160278e-01
9.818305969238281250e-01
1.132727265357971191e+00
2.518657147884368896e-01
4.494426846504211426e-01
5.240631699562072754e-01
4.664480090141296387e-01
6.035743355751037598e-01
3.901118040084838867e-01
4.017330110073089600e-01
4.889487624168395996e-01
6.901184916496276855e-01
1.129601120948791504e+00
4.198372662067413330e-01
4.268827438354492188e-01
3.483978509902954102e-01
3.091360330581665039e-01
4.907068312168121338e-01
4.067890048027038574e-01
3.053880929946899414e-01
3.408365249633789062e-01
5.296459197998046875e-01
4.590363502502441406e-01
2.730837166309356689e-01
3.954989016056060791e-01
4.956153631210327148e-01
2.469545453786849976e-01
2.273204922676086426e-01
6.016349196434020996e-01
6.805236339569091797e-01
5.905213356018066406e-01
8.509492874145507812e-01
3.320693373680114746e-01
9.247030019760131836e-01
6.055601835250854492e-01
8.270948529243469238e-01
5.277694463729858398e-01
8.201600313186645508e-01
3.999102711677551270e-01
4.246284067630767822e-01
3.600899279117584229e-01
6.343069076538085938e-01
4.335478842258453369e-01
3.895920515060424805e-01
4.301206767559051514e-01
4.311370253562927246e-01
1.399897336959838867e-01
5.785157084465026855e-01
3.811752498149871826e-01
3.344084024429321289e-01
3.741851449012756348e-01
2.431091666221618652e-01
2.421824336051940918e-01
2.997902929782867432e-01
1.858222186565399170e-01
1.047997772693634033e-01
1.423264443874359131e-01
1.843488961458206177e-01
2.082795500755310059e-01
1.565710604190826416e-01
2.109470665454864502e-01
2.660708427429199219e-01
2.364946603775024414e-01
1.529763191938400269e-01
2.471139430999755859e-01
3.833079338073730469e-01
2.539545893669128418e-01
1.581824123859405518e-01
3.439924716949462891e-01
1.474282443523406982e-01
4.362719953060150146e-01
9.361630678176879883e-01
9.052790403366088867e-01
1.229105353355407715e+00
3.978652656078338623e-01
3.181737959384918213e-01
3.681356608867645264e-01
4.028505980968475342e-01
2.617893218994140625e-01
4.548972547054290771e-01
5.104379057884216309e-01
3.728736639022827148e-01
4.558363258838653564e-01
4.288366734981536865e-01
5.037214756011962891e-01
5.110825300216674805e-01
3.395069241523742676e-01
4.028993844985961914e-01
4.833846390247344971e-01
6.244893074035644531e-01
5.423645973205566406e-01
3.757093548774719238e-01
3.318327069282531738e-01
4.777879118919372559e-01
7.906715869903564453e-01
1.556034564971923828e+00
2.362298965454101562e+00
1.604839086532592773e+00
5.779595375061035156e-01
6.843351721763610840e-01
6.460685729980468750e-01
6.913746595382690430e-01
5.252186059951782227e-01
5.157328844070434570e-01
5.521105527877807617e-01
6.914491653442382812e-01
6.377943754196166992e-01
7.797942161560058594e-01
8.908802270889282227e-01
1.191406607627868652e+00
1.369055151939392090e+00
1.120785951614379883e+00
6.301093101501464844e-01
1.175349593162536621e+00
7.366715073585510254e-01
5.373179912567138672e-01
8.147408366203308105e-01
7.135811448097229004e-01
9.219976663589477539e-01
1.058091640472412109e+00
7.531187534332275391e-01
8.660522103309631348e-01
9.716482758522033691e-01
4.621209502220153809e-01
6.122446656227111816e-01
7.270945310592651367e-01
8.520647287368774414e-01
1.135592937469482422e+00
1.433740735054016113e+00
1.266865491867065430e+00
6.682044863700866699e-01
1.117723464965820312e+00
1.346799135208129883e+00
1.346233963966369629e+00
1.225647926330566406e+00
8.411437869071960449e-01
9.168202877044677734e-01
6.908123493194580078e-01
6.448020339012145996e-01
7.253398299217224121e-01
6.993045806884765625e-01
1.064951777458190918e+00
8.656325936317443848e-01
8.612701892852783203e-01
8.992748856544494629e-01
9.535960555076599121e-01
6.087210774421691895e-01
8.829603195190429688e-01
7.873705625534057617e-01
7.911657691001892090e-01
1.021298050880432129e+00
9.255013465881347656e-01
5.428710579872131348e-01
1.160500168800354004e+00
9.644111394882202148e-01
1.571758747100830078e+00
1.683188199996948242e+00
9.874427914619445801e-01
7.745838761329650879e-01
8.367103934288024902e-01
9.004058837890625000e-01
7.942620515823364258e-01
7.536575794219970703e-01
6.094614863395690918e-01
5.792207121849060059e-01
6.165609359741210938e-01
5.980439782142639160e-01
3.866123557090759277e-01
4.898763298988342285e-01
6.287278532981872559e-01
1.098098635673522949e+00
1.191833615303039551e+00
1.482501745223999023e+00
1.340076923370361328e+00
1.726084947586059570e+00
1.245894789695739746e+00
6.241760849952697754e-01
9.602613449096679688e-01
7.506563663482666016e-01
9.158376455307006836e-01
9.444040060043334961e-01
5.753556489944458008e-01
7.006145119667053223e-01
6.768903136253356934e-01
6.614800095558166504e-01
6.614766120910644531e-01
5.046680569648742676e-01
4.988896250724792480e-01
7.264524102210998535e-01
5.967562198638916016e-01
4.998515248298645020e-01
5.503429174423217773e-01
4.125156402587890625e-01
3.426057398319244385e-01
2.699737548828125000e-01
2.915923595428466797e-01
3.364100754261016846e-01
6.107653379440307617e-01
5.799485445022583008e-01
5.029239058494567871e-01
6.098448634147644043e-01
8.903270959854125977e-01
3.511169552803039551e-01
7.776661515235900879e-01
1.934986710548400879e+00
7.461230754852294922e-01
3.652236163616180420e-01
1.226889371871948242e+00
1.262541532516479492e+00
6.383014917373657227e-01
4.145588278770446777e-01
5.087648630142211914e-01
6.458868980407714844e-01
9.687983393669128418e-01
8.045611381530761719e-01
8.716424703598022461e-01
8.055350780487060547e-01
4.891012907028198242e-01
3.639270067214965820e-01
4.596654474735260010e-01
4.357720613479614258e-01
4.358232617378234863e-01
6.388145089149475098e-01
6.674533486366271973e-01
7.971793413162231445e-01
6.238744258880615234e-01
6.761391758918762207e-01
8.775399327278137207e-01
6.718693375587463379e-01
7.654066085815429688e-01
4.432179629802703857e-01
5.658081173896789551e-01
8.186461925506591797e-01
1.376532196998596191e+00
4.738705754280090332e-01
4.450710415840148926e-01
3.933404982089996338e-01
5.452994108200073242e-01
6.994885802268981934e-01
7.149890661239624023e-01
9.123451709747314453e-01
8.700736761093139648e-01
4.546143114566802979e-01
4.413763880729675293e-01
3.869987130165100098e-01
5.928051471710205078e-01
7.584993839263916016e-01
7.304745912551879883e-01
5.672658681869506836e-01
4.647416770458221436e-01
6.371930837631225586e-01
5.920191407203674316e-01
6.487779021263122559e-01
7.070176005363464355e-01
1.032103061676025391e+00
1.317850232124328613e+00
3.613338172435760498e-01
8.909167647361755371e-01
6.767161488533020020e-01
7.359086275100708008e-01
5.517198443412780762e-01
3.227928280830383301e-01
3.368556201457977295e-01
4.712931811809539795e-01
4.253315329551696777e-01
3.602668642997741699e-01
4.128868579864501953e-01
4.486720561981201172e-01
3.077721595764160156e-01
2.988029718399047852e-01
4.236402213573455811e-01
1.497037708759307861e-01
4.938617944717407227e-01
4.462761878967285156e-01
5.509439706802368164e-01
6.191973090171813965e-01
4.076006114482879639e-01
2.437327802181243896e-01
2.395233213901519775e-01
3.143369853496551514e-01
3.026993274688720703e-01
6.547289490699768066e-01
8.453208208084106445e-01
1.342716455459594727e+00
1.169409275054931641e+00
4.585803151130676270e-01
7.469291687011718750e-01
2.261176109313964844e-01
2.965019345283508301e-01
4.289006590843200684e-01
4.581224322319030762e-01
7.288872599601745605e-01
9.915282726287841797e-01
8.263030052185058594e-01
5.997510552406311035e-01
5.006719231605529785e-01
5.184658169746398926e-01
5.872226953506469727e-01
6.945923566818237305e-01
1.172743916511535645e+00
1.939640998840332031e+00
1.469664931297302246e+00
1.466042876243591309e+00
9.569836854934692383e-01
7.786203026771545410e-01
8.948389887809753418e-01
1.042434692382812500e+00
7.361695766448974609e-01
6.468082666397094727e-01
7.143281102180480957e-01
5.950259566307067871e-01
8.402094244956970215e-01
9.667028784751892090e-01
8.104685544967651367e-01
6.487888097763061523e-01
5.757281184196472168e-01
5.888548493385314941e-01
7.859030961990356445e-01
7.613686323165893555e-01
6.375139355659484863e-01
6.309574246406555176e-01
6.601513624191284180e-01
8.034634590148925781e-01
9.126958847045898438e-01
6.609652042388916016e-01
7.329337596893310547e-01
6.193319559097290039e-01
5.291718244552612305e-01
6.850740313529968262e-01
6.304584741592407227e-01
8.379263877868652344e-01
8.406104445457458496e-01
4.892586469650268555e-01
5.206128954887390137e-01
8.604887127876281738e-01
8.354507088661193848e-01
5.192763805389404297e-01
4.913678765296936035e-01
5.207718014717102051e-01
7.112790942192077637e-01
8.457774519920349121e-01
6.934520006179809570e-01
5.484036207199096680e-01
6.172642707824707031e-01
7.204875946044921875e-01
1.121509909629821777e+00
8.839253187179565430e-01
3.828593194484710693e-01
1.985884904861450195e-01
3.238112032413482666e-01
3.578919172286987305e-01
5.282198190689086914e-01
5.658477544784545898e-01
6.001945734024047852e-01
6.065400838851928711e-01
5.094408988952636719e-01
5.934376716613769531e-01
5.918297171592712402e-01
8.110548257827758789e-01
6.548834443092346191e-01
5.841472744941711426e-01
8.099774718284606934e-01
6.957560777664184570e-01
5.934805870056152344e-01
6.985737681388854980e-01
4.871564805507659912e-01
6.344528198242187500e-01
5.524674654006958008e-01
8.409299254417419434e-01
9.927839636802673340e-01
7.277364134788513184e-01
2.738105654716491699e-01
3.004731535911560059e-01
8.774913549423217773e-01
6.623283028602600098e-01
6.923689842224121094e-01
6.931787729263305664e-01
6.090711951255798340e-01
4.910326302051544189e-01
2.754737138748168945e-01
3.249251842498779297e-01
3.660851716995239258e-01
4.478985667228698730e-01
4.912382960319519043e-01
8.384158015251159668e-01
6.562772393226623535e-01
6.815409660339355469e-01
4.758315384387969971e-01
3.539150953292846680e-01
4.835347533226013184e-01
2.926650047302246094e-01
3.723022937774658203e-01
3.725986480712890625e-01
5.550438761711120605e-01
5.235028266906738281e-01
3.882780373096466064e-01
4.179292321205139160e-01
4.361412525177001953e-01
4.373593926429748535e-01
8.504830002784729004e-01
1.684679746627807617e+00
2.069026708602905273e+00
5.728737711906433105e-01
6.431242227554321289e-01
8.050516247749328613e-01
2.299859762191772461e+00
1.986847043037414551e+00
3.163982331752777100e-01
8.771394491195678711e-01
6.281504631042480469e-01
3.670524358749389648e-01
5.679564476013183594e-01
5.999991297721862793e-01
5.929064154624938965e-01
5.297596454620361328e-01
6.648751497268676758e-01
6.845198273658752441e-01
6.595859527587890625e-01
4.577462673187255859e-01
5.655554533004760742e-01
4.114781618118286133e-01
6.156414151191711426e-01
5.674118399620056152e-01
6.662433743476867676e-01
7.448216676712036133e-01
5.466639399528503418e-01
4.029733240604400635e-01
4.863262176513671875e-01
3.948121964931488037e-01
3.524279594421386719e-01
3.347774744033813477e-01
4.225925505161285400e-01
5.495268106460571289e-01
6.065165996551513672e-01
4.140087664127349854e-01
4.659651517868041992e-01
4.955345988273620605e-01
4.307848215103149414e-01
5.099151134490966797e-01
8.650375604629516602e-01
9.484004378318786621e-01
6.028198003768920898e-01
3.426256477832794189e-01
4.284561276435852051e-01
7.683277130126953125e-01
1.410712003707885742e+00
1.382839441299438477e+00
1.041108012199401855e+00
5.544875860214233398e-01
5.951987504959106445e-01
4.380328953266143799e-01
5.598181486129760742e-01
5.411039590835571289e-01
3.850891590118408203e-01
4.775791764259338379e-01
2.847527563571929932e-01
4.690653979778289795e-01
5.734924674034118652e-01
5.007747411727905273e-01
5.255329012870788574e-01
5.479188561439514160e-01
4.262489974498748779e-01
6.409778594970703125e-01
5.140833854675292969e-01
4.282042980194091797e-01
5.652616024017333984e-01
4.100375771522521973e-01
3.431956171989440918e-01
4.194886386394500732e-01
5.355674028396606445e-01
7.017270326614379883e-01
7.508068084716796875e-01
7.127300500869750977e-01
1.023846268653869629e+00
7.983800768852233887e-01
5.534365773200988770e-01
7.508283853530883789e-01
7.479189634323120117e-01
9.339475631713867188e-01
1.195714473724365234e+00
7.227432727813720703e-01
4.537642002105712891e-01
6.847729682922363281e-01
1.015690326690673828e+00
1.851343393325805664e+00
1.505641698837280273e+00
7.437335252761840820e-01
1.020317554473876953e+00
4.975759685039520264e-01
7.639651298522949219e-01
1.133556723594665527e+00
9.892032146453857422e-01
9.522468447685241699e-01
8.375579714775085449e-01
7.440072894096374512e-01
1.022007942199707031e+00
8.304784893989562988e-01
9.882727265357971191e-01
7.790340781211853027e-01
6.128503084182739258e-01
5.923476815223693848e-01
8.501805067062377930e-01
1.008789539337158203e+00
6.513051390647888184e-01
5.419794321060180664e-01
4.804979562759399414e-01
1.095687747001647949e+00
1.223691821098327637e+00
6.333760023117065430e-01
7.215517759323120117e-01
7.741805315017700195e-01
6.629911661148071289e-01
6.672741174697875977e-01
7.733473181724548340e-01
6.075665354728698730e-01
6.534072160720825195e-01
5.548818707466125488e-01
6.896786093711853027e-01
6.254971623420715332e-01
5.711348056793212891e-01
5.679370760917663574e-01
5.364184379577636719e-01
5.626466274261474609e-01
6.118143796920776367e-01
5.833026170730590820e-01
5.301867723464965820e-01
5.082847476005554199e-01
5.953228473663330078e-01
9.395809173583984375e-01
6.155148744583129883e-01
3.823083043098449707e-01
4.411219358444213867e-01
3.321743011474609375e-01
2.879939675331115723e-01
5.669727921485900879e-01
4.975529015064239502e-01
6.169803142547607422e-01
6.496676802635192871e-01
6.099057197570800781e-01
6.648234128952026367e-01
8.287947177886962891e-01
5.297763347625732422e-01
5.485465526580810547e-01
8.378605842590332031e-01
1.226493239402770996e+00
1.434123516082763672e+00
1.477054476737976074e+00
4.145956635475158691e-01
3.333407640457153320e-01
4.484416842460632324e-01
9.625902175903320312e-01
1.438303112983703613e+00
2.826974868774414062e+00
1.048189520835876465e+00
5.026281476020812988e-01
1.004773378372192383e+00
4.803941547870635986e-01
4.622519016265869141e-01
7.327686548233032227e-01
8.844387531280517578e-01
7.541920542716979980e-01
7.376011610031127930e-01
6.336848139762878418e-01
4.240641295909881592e-01
5.015181303024291992e-01
6.231750249862670898e-01
6.362619400024414062e-01
4.894713759422302246e-01
4.233633875846862793e-01
3.212877511978149414e-01
3.489328324794769287e-01
4.023611545562744141e-01
4.837008416652679443e-01
4.691380858421325684e-01
3.591852784156799316e-01
3.964924812316894531e-01
5.713220238685607910e-01
6.743256449699401855e-01
3.972856998443603516e-01
4.997423291206359863e-01
5.040199756622314453e-01
5.177843570709228516e-01
6.599272489547729492e-01
7.442897558212280273e-01
8.311727643013000488e-01
7.584733963012695312e-01
6.216464042663574219e-01
8.569811582565307617e-01
1.058735609054565430e+00
7.646719217300415039e-01
4.514501690864562988e-01
5.680198073387145996e-01
6.304591894149780273e-01
4.016819596290588379e-01
4.573197364807128906e-01
6.247013807296752930e-01
8.555322885513305664e-01
4.002401232719421387e-01
4.992346167564392090e-01
6.011334657669067383e-01
4.701159596443176270e-01
6.119127869606018066e-01
7.408361434936523438e-01
6.127859354019165039e-01
7.022103071212768555e-01
9.916205406188964844e-01
1.313094854354858398e+00
7.388007640838623047e-01
3.409767746925354004e-01
4.969604611396789551e-01
5.839755535125732422e-01
4.662597775459289551e-01
7.056048512458801270e-01
9.790650606155395508e-01
1.282319426536560059e+00
8.757135272026062012e-01
5.142376422882080078e-01
6.080277562141418457e-01
6.444810628890991211e-01
6.447211503982543945e-01
5.492902994155883789e-01
7.387976646423339844e-01
5.314046144485473633e-01
7.352868318557739258e-01
6.623007059097290039e-01
1.049266576766967773e+00
1.282012820243835449e+00
1.076181292533874512e+00
6.371097564697265625e-01
3.937412202358245850e-01
2.469930648803710938e-01
6.874465942382812500e-01
5.314227938652038574e-01
6.508263349533081055e-01
5.169853568077087402e-01
5.501421093940734863e-01
3.944914340972900391e-01
4.135606884956359863e-01
3.601571917533874512e-01
3.315347135066986084e-01
3.629276156425476074e-01
3.579073846340179443e-01
4.422073066234588623e-01
5.929337739944458008e-01
8.002523183822631836e-01
6.428400278091430664e-01
6.088889837265014648e-01
6.413969993591308594e-01
6.540963649749755859e-01
5.114733576774597168e-01
5.296749472618103027e-01
6.127911806106567383e-01
7.556222081184387207e-01
8.566383123397827148e-01
6.179369688034057617e-01
6.047955155372619629e-01
4.406541585922241211e-01
4.293397367000579834e-01
6.825811862945556641e-01
7.077475786209106445e-01
1.023220300674438477e+00
1.016405940055847168e+00
2.692264318466186523e-01
8.414184451103210449e-01
5.195632576942443848e-01
1.031901955604553223e+00
1.896976351737976074e+00
1.531293869018554688e+00
9.021126627922058105e-01
5.563231706619262695e-01
5.817140936851501465e-01
5.062122344970703125e-01
4.712642729282379150e-01
5.026642084121704102e-01
6.619431972503662109e-01
5.163754224777221680e-01
6.479507684707641602e-01
8.278644084930419922e-01
5.853050947189331055e-01
3.529464602470397949e-01
4.324042201042175293e-01
5.098992586135864258e-01
6.164644956588745117e-01
7.599728107452392578e-01
6.324910521507263184e-01
4.337691068649291992e-01
6.987180113792419434e-01
8.699668049812316895e-01
8.485872745513916016e-01
5.791155695915222168e-01
5.726512670516967773e-01
9.036598205566406250e-01
8.642109632492065430e-01
6.879417300224304199e-01
6.501981616020202637e-01
8.401947021484375000e-01
1.019938707351684570e+00
8.129119873046875000e-01
5.759819746017456055e-01
6.842520236968994141e-01
7.461803555488586426e-01
5.489097833633422852e-01
4.150601625442504883e-01
6.680469512939453125e-01
7.151185274124145508e-01
1.000928997993469238e+00
9.233888387680053711e-01
5.636053085327148438e-01
3.560070395469665527e-01
6.453993320465087891e-01
5.139218568801879883e-01
5.514436960220336914e-01
3.797280192375183105e-01
7.407200336456298828e-01
6.975929737091064453e-01
6.622045636177062988e-01
6.978210210800170898e-01
5.928220152854919434e-01
5.739763975143432617e-01
5.238288044929504395e-01
6.064732670783996582e-01
5.353309512138366699e-01
1.017024040222167969e+00
9.566569328308105469e-01
6.102802157402038574e-01
2.498790919780731201e-01
5.120896100997924805e-01
3.904902935028076172e-01
6.386962532997131348e-01
9.164032936096191406e-01
1.360751986503601074e+00
7.588762640953063965e-01
4.345061779022216797e-01
5.150179862976074219e-01
1.022544980049133301e+00
7.255388498306274414e-01
1.033265829086303711e+00
1.689462184906005859e+00
1.739710807800292969e+00
4.465537965297698975e-01
9.581575989723205566e-01
1.101326346397399902e+00
5.344036817550659180e-01
4.395551681518554688e-01
6.012021303176879883e-01
1.286662101745605469e+00
2.211249589920043945e+00
1.142901897430419922e+00
5.788026452064514160e-01
4.260461032390594482e-01
6.775615811347961426e-01
1.007150888442993164e+00
7.215445637702941895e-01
1.638477325439453125e+00
1.486029744148254395e+00
7.446905374526977539e-01
4.331395626068115234e-01
8.475761413574218750e-01
6.030937433242797852e-01
9.245617389678955078e-01
9.868837594985961914e-01
4.915927052497863770e-01
3.673307299613952637e-01
5.748344659805297852e-01
5.299546122550964355e-01
7.792544364929199219e-01
5.719474554061889648e-01
8.775637745857238770e-01
5.981982946395874023e-01
6.419402360916137695e-01
4.456864297389984131e-01
2.866520285606384277e-01
5.252066850662231445e-01
4.724196493625640869e-01
5.324554443359375000e-01
5.511530637741088867e-01
5.707868337631225586e-01
7.130213975906372070e-01
5.508261919021606445e-01
5.640296936035156250e-01
7.936204671859741211e-01
4.570264518260955811e-01
8.018358945846557617e-01
4.830886721611022949e-01
7.068026065826416016e-01
8.230187296867370605e-01
9.876688122749328613e-01
7.008359432220458984e-01
5.195186138153076172e-01
3.495296835899353027e-01
5.831542611122131348e-01
5.633140802383422852e-01
4.738597273826599121e-01
3.795798420906066895e-01
5.922783613204956055e-01
8.206007480621337891e-01
8.467073440551757812e-01
8.222461938858032227e-01
5.280773639678955078e-01
3.916634321212768555e-01
5.204120874404907227e-01
9.098458886146545410e-01
7.712789177894592285e-01
2.877646684646606445e-01
6.925248503684997559e-01
6.828110218048095703e-01
9.751611948013305664e-01
1.141972064971923828e+00
7.396550774574279785e-01
5.264676809310913086e-01
6.412860751152038574e-01
7.507485151290893555e-01
7.718096971511840820e-01
1.130365729331970215e+00
9.813103675842285156e-01
7.225909233093261719e-01
5.981669425964355469e-01
7.255887389183044434e-01
4.997329115867614746e-01
4.146859645843505859e-01
4.473570585250854492e-01
2.817744314670562744e-01
3.038384020328521729e-01
5.396841168403625488e-01
5.704361200332641602e-01
5.533186793327331543e-01
3.459988832473754883e-01
1.184437751770019531e+00
1.513525962829589844e+00
1.417391419410705566e+00
1.149000525474548340e+00
6.548167467117309570e-01
8.067241311073303223e-01
4.385740160942077637e-01
6.937471032142639160e-01
7.673876285552978516e-01
5.767190456390380859e-01
7.827970981597900391e-01
1.226497292518615723e+00
1.428313493728637695e+00
6.320403814315795898e-01
7.076797485351562500e-01
1.091619729995727539e+00
6.448774337768554688e-01
8.228925466537475586e-01
1.079192876815795898e+00
1.255770444869995117e+00
8.115875124931335449e-01
4.327579736709594727e-01
6.118527650833129883e-01
4.357818663120269775e-01
6.396765112876892090e-01
7.621297836303710938e-01
5.202724933624267578e-01
4.660257995128631592e-01
9.469708204269409180e-01
7.892567515373229980e-01
9.311093091964721680e-01
7.561118006706237793e-01
8.416705727577209473e-01
5.027543902397155762e-01
6.790310144424438477e-01
7.829678058624267578e-01
6.779149174690246582e-01
5.479194521903991699e-01
3.754690289497375488e-01
6.711515784263610840e-01
6.643020510673522949e-01
4.700426459312438965e-01
5.902793407440185547e-01
5.520498156547546387e-01
6.831979751586914062e-01
4.690738320350646973e-01
6.392596960067749023e-01
3.813121318817138672e-01
5.000938773155212402e-01
9.508527517318725586e-01
7.297456860542297363e-01
9.065592885017395020e-01
6.131070852279663086e-01
6.696339845657348633e-01
5.815685987472534180e-01
7.746466994285583496e-01
8.478837609291076660e-01
4.437398314476013184e-01
4.831728041172027588e-01
6.411072015762329102e-01
6.200637817382812500e-01
9.169643521308898926e-01
1.066344976425170898e+00
1.125648498535156250e+00
8.716510534286499023e-01
4.702377915382385254e-01
7.041271924972534180e-01
2.733825445175170898e-01
4.041261076927185059e-01
6.685187220573425293e-01
8.750050663948059082e-01
7.287667393684387207e-01
4.405805468559265137e-01
6.390906572341918945e-01
3.567146956920623779e-01
6.259402036666870117e-01
8.583666086196899414e-01
7.427119016647338867e-01
6.185119748115539551e-01
5.156010985374450684e-01
5.753452777862548828e-01
5.201138257980346680e-01
1.008478164672851562e+00
4.232636094093322754e-01
3.191841542720794678e-01
5.271058082580566406e-01
3.113978505134582520e-01
7.394634485244750977e-01
4.993770718574523926e-01
5.784313678741455078e-01
6.863291263580322266e-01
6.430317163467407227e-01
4.593778550624847412e-01
5.890807509422302246e-01
5.201942920684814453e-01
9.850029945373535156e-01
1.068380594253540039e+00
1.172530412673950195e+00
5.126417875289916992e-01
7.433851957321166992e-01
8.979630470275878906e-01
1.011597156524658203e+00
8.377740383148193359e-01
9.361426830291748047e-01
5.945217609405517578e-01
7.520761489868164062e-01
6.299327611923217773e-01
5.927283763885498047e-01
5.551615357398986816e-01
7.009056210517883301e-01
1.221098065376281738e+00
1.196070432662963867e+00
2.485447406768798828e+00
1.693826913833618164e+00
4.167841970920562744e-01
9.771815538406372070e-01
7.246755361557006836e-01
1.017122983932495117e+00
9.189268350601196289e-01
7.792513966560363770e-01
1.102866888046264648e+00
1.002022981643676758e+00
2.398744821548461914e+00
2.126717567443847656e+00
6.645690798759460449e-01
4.430148601531982422e-01
7.356107234954833984e-01
7.275638580322265625e-01
4.864935874938964844e-01
6.137616634368896484e-01
7.035491466522216797e-01
6.117373704910278320e-01
8.780075311660766602e-01
6.498054265975952148e-01
5.274364352226257324e-01
4.582679867744445801e-01
3.252358436584472656e-01
6.674317121505737305e-01
5.838290452957153320e-01
6.422595381736755371e-01
6.558486223220825195e-01
5.065692663192749023e-01
7.002043724060058594e-01
7.430344820022583008e-01
6.432727575302124023e-01
3.788659572601318359e-01
8.232197761535644531e-01
2.146998167037963867e+00
8.406919240951538086e-01
5.835769772529602051e-01
7.779204845428466797e-01
6.482342481613159180e-01
6.862088441848754883e-01
8.163552284240722656e-01
6.150020956993103027e-01
5.280174016952514648e-01
5.587297081947326660e-01
6.453129053115844727e-01
4.251793622970581055e-01
6.641521453857421875e-01
7.789658308029174805e-01
6.217567324638366699e-01
5.522707700729370117e-01
8.662161827087402344e-01
1.006747961044311523e+00
8.738117814064025879e-01
7.859869599342346191e-01
4.006516337394714355e-01
6.503583192825317383e-01
6.336531639099121094e-01
6.159265637397766113e-01
5.118367671966552734e-01
5.688831806182861328e-01
5.485027432441711426e-01
6.658406257629394531e-01
8.972775340080261230e-01
1.164535522460937500e+00
1.040856361389160156e+00
8.654886484146118164e-01
5.971188545227050781e-01
6.720720529556274414e-01
5.416261553764343262e-01
5.441372394561767578e-01
5.828835964202880859e-01
7.043302059173583984e-01
6.117042899131774902e-01
6.854913234710693359e-01
6.054914593696594238e-01
6.396206617355346680e-01
6.064715981483459473e-01
4.082452952861785889e-01
6.058647632598876953e-01
5.046520829200744629e-01
5.832543969154357910e-01
7.565462589263916016e-01
1.017507910728454590e+00
1.015312433242797852e+00
9.810090065002441406e-01
6.062050461769104004e-01
6.156553030014038086e-01
3.515995144844055176e-01
4.471869468688964844e-01
7.542611360549926758e-01
5.006014108657836914e-01
6.396120190620422363e-01
4.773684740066528320e-01
1.042354106903076172e+00
7.177974581718444824e-01
5.180656313896179199e-01
9.041541814804077148e-01
5.350052714347839355e-01
5.935010313987731934e-01
6.085708737373352051e-01
6.556038856506347656e-01
3.962540328502655029e-01
5.586562156677246094e-01
3.675659298896789551e-01
4.446145296096801758e-01
6.332029104232788086e-01
9.120786786079406738e-01
4.754347205162048340e-01
2.650332748889923096e-01
4.258254468441009521e-01
4.738004207611083984e-01
5.780749320983886719e-01
7.915521860122680664e-01
6.574203968048095703e-01
8.626229166984558105e-01
4.544721841812133789e-01
4.913868308067321777e-01
4.994424581527709961e-01
6.815494298934936523e-01
6.963454484939575195e-01
5.461037158966064453e-01
3.479002118110656738e-01
4.177973866462707520e-01
7.833158373832702637e-01
8.372518420219421387e-01
5.811088085174560547e-01
2.377191185951232910e-01
1.850872635841369629e-01
1.728412806987762451e-01
3.521226942539215088e-01
4.796097576618194580e-01
4.430049061775207520e-01
4.330936670303344727e-01
6.559802293777465820e-01
6.360617876052856445e-01
5.239340066909790039e-01
4.015315175056457520e-01
2.420440465211868286e-01
5.969688892364501953e-01
5.933843255043029785e-01
4.356754422187805176e-01
4.537096023559570312e-01
3.442499637603759766e-01
5.239073038101196289e-01
7.987434864044189453e-01
7.744193673133850098e-01
8.199483156204223633e-01
6.215771436691284180e-01
4.642208814620971680e-01
3.064038157463073730e-01
4.975804984569549561e-01
4.953040182590484619e-01
3.800524473190307617e-01
6.398414373397827148e-01
3.946281671524047852e-01
4.107554554939270020e-01
2.714867889881134033e-01
8.551746606826782227e-01
9.140794277191162109e-01
5.567911267280578613e-01
4.712246060371398926e-01
7.271265387535095215e-01
5.421150922775268555e-01
6.557268500328063965e-01
9.763938784599304199e-01
1.139267802238464355e+00
1.316224336624145508e+00
8.669149279594421387e-01
5.553799867630004883e-01
5.943473577499389648e-01
9.774853587150573730e-01
5.333936810493469238e-01
1.161162614822387695e+00
4.561317861080169678e-01
7.607077360153198242e-01
3.572069108486175537e-01
7.166052460670471191e-01
7.044174671173095703e-01
4.797128438949584961e-01
1.106048345565795898e+00
1.114969968795776367e+00
1.039546489715576172e+00
5.716029405593872070e-01
5.031350255012512207e-01
9.377129673957824707e-01
4.900723695755004883e-01
4.240564703941345215e-01
4.238552153110504150e-01
4.886021018028259277e-01
6.107528209686279297e-01
4.758010506629943848e-01
7.095394134521484375e-01
1.146157145500183105e+00
1.478996515274047852e+00
8.672284483909606934e-01
6.487371921539306641e-01
5.232215523719787598e-01
1.371673107147216797e+00
1.622149229049682617e+00
1.040877103805541992e+00
5.813300609588623047e-01
3.257196843624114990e-01
5.041576027870178223e-01
5.625822544097900391e-01
4.508741199970245361e-01
7.380732297897338867e-01
1.166300654411315918e+00
6.013014316558837891e-01
4.279386997222900391e-01
8.531531095504760742e-01
6.399706006050109863e-01
6.853145956993103027e-01
8.118919134140014648e-01
8.335337638854980469e-01
5.323059558868408203e-01
4.109780192375183105e-01
4.650434851646423340e-01
6.084101200103759766e-01
3.798782825469970703e-01
5.417187213897705078e-01
6.804900169372558594e-01
5.844044685363769531e-01
5.838115215301513672e-01
5.869486331939697266e-01
5.544432401657104492e-01
5.830190181732177734e-01
6.794984936714172363e-01
6.656780838966369629e-01
7.554125785827636719e-01
1.089747190475463867e+00
7.270180583000183105e-01
1.015226125717163086e+00
5.500850677490234375e-01
5.748319625854492188e-01
1.263779759407043457e+00
1.132729291915893555e+00
6.622308492660522461e-01
4.266151785850524902e-01
5.728919506072998047e-01
6.757801175117492676e-01
7.914585471153259277e-01
7.855468392372131348e-01
7.793703079223632812e-01
5.795383453369140625e-01
5.237197875976562500e-01
4.260345697402954102e-01
4.361357390880584717e-01
5.081387758255004883e-01
5.107473134994506836e-01
6.025924682617187500e-01
5.194610357284545898e-01
5.741244554519653320e-01
4.397381842136383057e-01
5.648149251937866211e-01
4.821278750896453857e-01
4.619816243648529053e-01
4.596736431121826172e-01
5.506295561790466309e-01
8.580754995346069336e-01
5.681202411651611328e-01
3.999820649623870850e-01
5.976210832595825195e-01
4.017609357833862305e-01
4.569635093212127686e-01
6.412081718444824219e-01
5.238737463951110840e-01
5.098403692245483398e-01
4.029130637645721436e-01
4.791633188724517822e-01
5.836063623428344727e-01
5.799803733825683594e-01
7.115722894668579102e-01
4.262217283248901367e-01
3.820022344589233398e-01
4.312986135482788086e-01
3.888093233108520508e-01
4.125534892082214355e-01
6.009544134140014648e-01
6.112919449806213379e-01
1.154352784156799316e+00
1.167575955390930176e+00
5.727806687355041504e-01
6.128371953964233398e-01
4.470163583755493164e-01
5.324318408966064453e-01
8.324613571166992188e-01
7.300401926040649414e-01
7.218111157417297363e-01
6.913584470748901367e-01
4.402402043342590332e-01
5.323415994644165039e-01
4.809260964393615723e-01
6.073565483093261719e-01
6.430077552795410156e-01
5.459074378013610840e-01
6.133673191070556641e-01
6.561977267265319824e-01
8.140099048614501953e-01
1.216016292572021484e+00
1.687977671623229980e+00
2.060710668563842773e+00
1.288603305816650391e+00
6.691135168075561523e-01
8.506145477294921875e-01
1.069819927215576172e+00
1.273991823196411133e+00
9.558920264244079590e-01
8.795416951179504395e-01
8.254573345184326172e-01
9.520102739334106445e-01
1.120949149131774902e+00
8.802728056907653809e-01
5.184706449508666992e-01
4.750036001205444336e-01
4.252752065658569336e-01
3.833885192871093750e-01
3.599637448787689209e-01
4.317691326141357422e-01
5.818082094192504883e-01
5.246630907058715820e-01
5.126631855964660645e-01
4.736457467079162598e-01
4.606262743473052979e-01
4.409573078155517578e-01
5.607417225837707520e-01
7.096620798110961914e-01
7.174317836761474609e-01
3.365234732627868652e-01
6.099685430526733398e-01
3.368581831455230713e-01
5.406417250633239746e-01
9.295508265495300293e-01
5.670740604400634766e-01
3.476213812828063965e-01
5.568029284477233887e-01
2.350431978702545166e-01
2.362509071826934814e-01
5.116045475006103516e-01
5.500935316085815430e-01
6.157329082489013672e-01
5.375305414199829102e-01
1.148536682128906250e+00
6.640823483467102051e-01
2.496247738599777222e-01
7.110501527786254883e-01
3.626528978347778320e-01
4.198907017707824707e-01
6.640783548355102539e-01
6.693874001502990723e-01
8.335279226303100586e-01
4.643691182136535645e-01
6.439324617385864258e-01
5.634956955909729004e-01
5.084530115127563477e-01
4.493459761142730713e-01
5.680069923400878906e-01
9.008972048759460449e-01
4.261505007743835449e-01
4.797372519969940186e-01
5.493333339691162109e-01
4.932089745998382568e-01
6.143772602081298828e-01
7.536931633949279785e-01
7.429367303848266602e-01
7.634359002113342285e-01
7.025378942489624023e-01
6.866562366485595703e-01
6.508890986442565918e-01
2.776415348052978516e-01
5.512010455131530762e-01
7.261385917663574219e-01
3.962607383728027344e-01
4.666852951049804688e-01
6.041182279586791992e-01
3.460753560066223145e-01
4.769507050514221191e-01
6.910182833671569824e-01
5.737100839614868164e-01
6.911215186119079590e-01
5.014401078224182129e-01
4.408081173896789551e-01
5.817816853523254395e-01
5.075739026069641113e-01
4.801767170429229736e-01
7.661608457565307617e-01
5.155975818634033203e-01
8.700979351997375488e-01
6.760382056236267090e-01
4.755706489086151123e-01
3.769128918647766113e-01
5.065532326698303223e-01
5.356169939041137695e-01
5.361328125000000000e-01
5.710117816925048828e-01
6.588180065155029297e-01
1.050984859466552734e+00
1.289961338043212891e+00
6.607857942581176758e-01
6.709943413734436035e-01
9.319155216217041016e-01
8.059562444686889648e-01
1.641683220863342285e+00
2.127480030059814453e+00
6.347380280494689941e-01
8.159666657447814941e-01
1.046495199203491211e+00
1.454081654548645020e+00
1.044145822525024414e+00
6.133362054824829102e-01
7.457535266876220703e-01
5.054153800010681152e-01
5.626533627510070801e-01
1.000362396240234375e+00
9.918885827064514160e-01
6.650665998458862305e-01
5.140724778175354004e-01
6.430560350418090820e-01
5.321186184883117676e-01
8.381202220916748047e-01
8.803710341453552246e-01
7.923853397369384766e-01
7.633066773414611816e-01
4.180735945701599121e-01
5.773839354515075684e-01
7.291976213455200195e-01
6.119090318679809570e-01
5.702425241470336914e-01
9.003363847732543945e-01
4.988660514354705811e-01
6.178224086761474609e-01
7.560473680496215820e-01
1.123937249183654785e+00
1.127856016159057617e+00
6.013073325157165527e-01
4.815505146980285645e-01
7.394267320632934570e-01
7.221251726150512695e-01
8.066114783287048340e-01
6.011525392532348633e-01
5.991197228431701660e-01
6.541345119476318359e-01
6.456382870674133301e-01
4.581750333309173584e-01
4.219207763671875000e-01
7.175005674362182617e-01
5.436938405036926270e-01
5.373662710189819336e-01
5.812449455261230469e-01
7.692620754241943359e-01
6.991474628448486328e-01
4.892383813858032227e-01
4.966199994087219238e-01
5.837171077728271484e-01
4.291694760322570801e-01
4.810598194599151611e-01
5.092551708221435547e-01
5.018113851547241211e-01
5.498474836349487305e-01
4.317569732666015625e-01
4.140571355819702148e-01
5.587391853332519531e-01
5.848065614700317383e-01
4.862508773803710938e-01
6.626106500625610352e-01
9.167081713676452637e-01
6.436329483985900879e-01
6.427118182182312012e-01
5.746772885322570801e-01
4.520694017410278320e-01
5.525012016296386719e-01
1.083797454833984375e+00
1.413930416107177734e+00
1.852571129798889160e+00
2.028333663940429688e+00
7.701798081398010254e-01
3.573009371757507324e-01
6.780675649642944336e-01
4.831159412860870361e-01
5.168843269348144531e-01
6.077094674110412598e-01
6.879163384437561035e-01
7.893227338790893555e-01
7.628859877586364746e-01
7.324018478393554688e-01
6.040260791778564453e-01
5.393194556236267090e-01
6.874102354049682617e-01
1.068225979804992676e+00
9.748042821884155273e-01
8.381292819976806641e-01
5.766086578369140625e-01
5.687927603721618652e-01
4.945293068885803223e-01
4.285508096218109131e-01
6.406617164611816406e-01
7.063833475112915039e-01
9.309588670730590820e-01
7.263574004173278809e-01
6.161448955535888672e-01
4.129961133003234863e-01
6.388879418373107910e-01
5.728878974914550781e-01
7.007459402084350586e-01
8.667219877243041992e-01
6.855676770210266113e-01
9.432444572448730469e-01
8.351566791534423828e-01
4.917159974575042725e-01
6.089901328086853027e-01
7.618989348411560059e-01
4.624428749084472656e-01
5.548524856567382812e-01
5.875373482704162598e-01
5.693522691726684570e-01
3.965156674385070801e-01
4.118161797523498535e-01
4.583374261856079102e-01
5.087018609046936035e-01
7.452942132949829102e-01
9.957332015037536621e-01
1.175514936447143555e+00
7.559468150138854980e-01
6.490133404731750488e-01
4.739481210708618164e-01
5.351248979568481445e-01
7.633116245269775391e-01
8.127321600914001465e-01
5.565080046653747559e-01
6.964570283889770508e-01
6.439536809921264648e-01
5.270562171936035156e-01
7.242184877395629883e-01
6.199198365211486816e-01
7.900998592376708984e-01
6.470203399658203125e-01
7.554689049720764160e-01
8.395730853080749512e-01
5.845268964767456055e-01
7.753761410713195801e-01
1.111363410949707031e+00
1.697241544723510742e+00
5.356376171112060547e-01
4.109588265419006348e-01
5.383019447326660156e-01
6.208375096321105957e-01
8.664754629135131836e-01
7.164971232414245605e-01
6.935282349586486816e-01
7.411684393882751465e-01
9.104386568069458008e-01
5.921401977539062500e-01
1.003046393394470215e+00
1.636844277381896973e+00
1.312841415405273438e+00
4.982492327690124512e-01
6.186553835868835449e-01
7.362807393074035645e-01
6.848675012588500977e-01
7.066461443901062012e-01
6.743520498275756836e-01
8.395896553993225098e-01
9.578709006309509277e-01
5.290437936782836914e-01
6.647691130638122559e-01
8.538772463798522949e-01
1.289576292037963867e+00
6.117938756942749023e-01
8.272401690483093262e-01
4.697031378746032715e-01
5.674756765365600586e-01
8.686451315879821777e-01
8.472895622253417969e-01
7.259340882301330566e-01
8.399342298507690430e-01
5.698059797286987305e-01
6.077050566673278809e-01
7.217397689819335938e-01
1.158852577209472656e+00
1.249837398529052734e+00
1.149040699005126953e+00
6.329964995384216309e-01
6.699321269989013672e-01
7.046645879745483398e-01
9.295554161071777344e-01
7.061712741851806641e-01
5.506456494331359863e-01
6.263465881347656250e-01
5.284620523452758789e-01
6.675683856010437012e-01
5.927916765213012695e-01
5.676909685134887695e-01
5.889190435409545898e-01
6.877284646034240723e-01
8.037548065185546875e-01
8.561316728591918945e-01
6.039025783538818359e-01
6.800617575645446777e-01
4.931584298610687256e-01
6.500630378723144531e-01
5.556737184524536133e-01
7.020031213760375977e-01
5.813037157058715820e-01
5.786160230636596680e-01
5.322891473770141602e-01
5.019766092300415039e-01
7.019333243370056152e-01
4.327607452869415283e-01
7.285956740379333496e-01
1.038443922996520996e+00
9.558585882186889648e-01
3.957950472831726074e-01
4.006543159484863281e-01
7.603572607040405273e-01
6.349347829818725586e-01
1.060045957565307617e+00
1.258746862411499023e+00
1.171055197715759277e+00
7.432768940925598145e-01
6.006183028221130371e-01
6.239258050918579102e-01
4.404820799827575684e-01
3.882542848587036133e-01
5.935081243515014648e-01
7.086297273635864258e-01
7.073039412498474121e-01
6.581827998161315918e-01
7.465212941169738770e-01
4.677888751029968262e-01
4.856851994991302490e-01
4.158456325531005859e-01
5.343335866928100586e-01
5.762052536010742188e-01
6.691664457321166992e-01
6.148285865783691406e-01
4.036265611648559570e-01
5.210969448089599609e-01
4.403343498706817627e-01
4.305351972579956055e-01
3.548629283905029297e-01
3.958129286766052246e-01
6.443228721618652344e-01
6.768877506256103516e-01
8.427188992500305176e-01
9.729240536689758301e-01
1.348420262336730957e+00
6.040623784065246582e-01
3.578122854232788086e-01
4.451758265495300293e-01
6.223646402359008789e-01
7.868974208831787109e-01
6.932662725448608398e-01
8.706986308097839355e-01
6.742731332778930664e-01
8.121057748794555664e-01
4.552619457244873047e-01
5.468841791152954102e-01
4.703747928142547607e-01
7.359573841094970703e-01
1.305600762367248535e+00
7.259813547134399414e-01
4.358057975769042969e-01
3.389941751956939697e-01
4.559214115142822266e-01
5.734223127365112305e-01
5.266436338424682617e-01
5.618497729301452637e-01
4.604688882827758789e-01
7.308109998703002930e-01
1.032195329666137695e+00
1.044478416442871094e+00
1.069281578063964844e+00
1.497924566268920898e+00
5.037555098533630371e-01
4.249970912933349609e-01
7.913843989372253418e-01
1.145998477935791016e+00
6.074021458625793457e-01
5.488716959953308105e-01
6.856958866119384766e-01
4.689438939094543457e-01
6.426519155502319336e-01
8.558059930801391602e-01
5.027760267257690430e-01
4.770997762680053711e-01
8.317027688026428223e-01
7.672598361968994141e-01
6.177139282226562500e-01
5.610519051551818848e-01
6.847863197326660156e-01
6.953849792480468750e-01
7.847886085510253906e-01
5.218687057495117188e-01
4.925482571125030518e-01
4.139966964721679688e-01
5.179212689399719238e-01
5.652375817298889160e-01
5.710410475730895996e-01
5.005384683609008789e-01
5.863535404205322266e-01
7.339155673980712891e-01
7.515254020690917969e-01
1.020874738693237305e+00
8.484409451484680176e-01
4.925256967544555664e-01
4.959708452224731445e-01
4.507052898406982422e-01
4.682579934597015381e-01
5.286675691604614258e-01
7.084225416183471680e-01
8.223413228988647461e-01
1.028618216514587402e+00
6.536733508110046387e-01
1.214087724685668945e+00
1.548698782920837402e+00
4.290178418159484863e-01
1.097697377204895020e+00
9.882024526596069336e-01
5.224907398223876953e-01
6.116051673889160156e-01
8.095172643661499023e-01
9.142963290214538574e-01
5.230062007904052734e-01
7.259496450424194336e-01
5.343638062477111816e-01
6.146479845046997070e-01
6.398366093635559082e-01
4.570249915122985840e-01
3.770691156387329102e-01
6.029444336891174316e-01
4.524074792861938477e-01
5.061491727828979492e-01
5.557811856269836426e-01
7.264987826347351074e-01
4.390950202941894531e-01
5.009014606475830078e-01
4.425149559974670410e-01
4.086255729198455811e-01
4.834828972816467285e-01
4.828191995620727539e-01
6.969313621520996094e-01
5.624898672103881836e-01
5.593758821487426758e-01
7.217210531234741211e-01
4.120202958583831787e-01
5.404773950576782227e-01
6.834943294525146484e-01
7.179920673370361328e-01
7.233989834785461426e-01
1.126447677612304688e+00
1.155775785446166992e+00
1.794379234313964844e+00
2.375679016113281250e+00
5.689909458160400391e-01
6.300266385078430176e-01
5.827554464340209961e-01
6.350038647651672363e-01
8.719303011894226074e-01
8.087560534477233887e-01
9.928126335144042969e-01
6.202049851417541504e-01
5.467138290405273438e-01
4.381898045539855957e-01
7.726107239723205566e-01
4.097126126289367676e-01
5.197307467460632324e-01
5.018986463546752930e-01
5.063377022743225098e-01
4.635985493659973145e-01
3.596684336662292480e-01
3.769092261791229248e-01
3.987437486648559570e-01
5.346199274063110352e-01
4.837965369224548340e-01
4.942527413368225098e-01
4.745895266532897949e-01
5.491771697998046875e-01
5.012012720108032227e-01
6.524558067321777344e-01
6.358203291893005371e-01
6.410432457923889160e-01
4.693619608879089355e-01
4.546203613281250000e-01
3.721446394920349121e-01
3.648676276206970215e-01
3.262808620929718018e-01
5.648874640464782715e-01
5.656296610832214355e-01
5.844744443893432617e-01
7.136285305023193359e-01
5.893452167510986328e-01
5.871751904487609863e-01
7.767301201820373535e-01
6.236975193023681641e-01
4.916349649429321289e-01
5.191866159439086914e-01
5.611544847488403320e-01
4.244705438613891602e-01
4.907405972480773926e-01
5.418081879615783691e-01
4.681335389614105225e-01
4.169714450836181641e-01
5.978919863700866699e-01
9.894671440124511719e-01
1.126609444618225098e+00
1.189310431480407715e+00
6.991628408432006836e-01
9.015198945999145508e-01
5.611532926559448242e-01
5.235258340835571289e-01
7.493935823440551758e-01
6.077673435211181641e-01
7.600042819976806641e-01
7.859778404235839844e-01
9.066388010978698730e-01
6.085333824157714844e-01
6.284514665603637695e-01
5.527679324150085449e-01
4.356634318828582764e-01
5.791621208190917969e-01
5.449237227439880371e-01
6.372081637382507324e-01
1.156188130378723145e+00
1.166293621063232422e+00
5.122951865196228027e-01
4.347412288188934326e-01
3.778881430625915527e-01
4.269856512546539307e-01
5.438687801361083984e-01
5.896638631820678711e-01
4.734116792678833008e-01
7.122565507888793945e-01
5.198753476142883301e-01
5.445359945297241211e-01
4.963826239109039307e-01
4.136774241924285889e-01
4.675942063331604004e-01
5.443688631057739258e-01
7.775602340698242188e-01
7.142470479011535645e-01
5.559826493263244629e-01
4.617042243480682373e-01
4.638958275318145752e-01
2.957611978054046631e-01
4.953936040401458740e-01
6.193729043006896973e-01
6.145884990692138672e-01
1.034813761711120605e+00
1.184167265892028809e+00
6.654287576675415039e-01
3.632640838623046875e-01
3.928723633289337158e-01
6.374895572662353516e-01
5.655026435852050781e-01
9.278337359428405762e-01
8.024455904960632324e-01
6.695004701614379883e-01
4.861166775226593018e-01
4.705466032028198242e-01
4.211649000644683838e-01
4.681875407695770264e-01
6.147143244743347168e-01
4.987398982048034668e-01
3.943779468536376953e-01
5.312736630439758301e-01
6.389989852905273438e-01
6.268658638000488281e-01
4.430591464042663574e-01
4.201744794845581055e-01
4.655460715293884277e-01
4.613230228424072266e-01
4.843279719352722168e-01
4.473104178905487061e-01
4.242717027664184570e-01
4.634687900543212891e-01
4.568949341773986816e-01
4.985506534576416016e-01
4.754055738449096680e-01
4.514158666133880615e-01
5.840566158294677734e-01
6.021057367324829102e-01
5.828529596328735352e-01
4.635895192623138428e-01
4.144800603389739990e-01
3.420093059539794922e-01
4.110041260719299316e-01
5.220445990562438965e-01
4.483341276645660400e-01
4.807088673114776611e-01
7.812356948852539062e-01
6.563877463340759277e-01
1.119602441787719727e+00
1.417156815528869629e+00
8.574248552322387695e-01
6.008961200714111328e-01
4.722951650619506836e-01
3.376911580562591553e-01
3.758633732795715332e-01
5.207934975624084473e-01
4.390600323677062988e-01
4.875725507736206055e-01
6.306934356689453125e-01
5.993288159370422363e-01
3.677057921886444092e-01
5.656639337539672852e-01
1.071850180625915527e+00
1.818314552307128906e+00
9.201332926750183105e-01
5.509026050567626953e-01
8.742020130157470703e-01
4.947671592235565186e-01
1.174562215805053711e+00
1.811643004417419434e+00
5.841686725616455078e-01
5.622531175613403320e-01
8.604620695114135742e-01
1.697491765022277832e+00
1.753980636596679688e+00
9.967064261436462402e-01
2.865351736545562744e-01
5.482913255691528320e-01
9.627645015716552734e-01
1.054695963859558105e+00
8.918477892875671387e-01
4.114841222763061523e-01
4.114596843719482422e-01
6.057360172271728516e-01
8.595674633979797363e-01
8.442274332046508789e-01
7.492439150810241699e-01
4.079785943031311035e-01
5.711877942085266113e-01
6.853320598602294922e-01
5.837353467941284180e-01
5.830821990966796875e-01
4.659169316291809082e-01
5.888793468475341797e-01
6.519715189933776855e-01
4.749383926391601562e-01
5.268856287002563477e-01
4.366926848888397217e-01
5.312993526458740234e-01
7.043566703796386719e-01
6.940651535987854004e-01
4.779038131237030029e-01
6.321794986724853516e-01
5.037078857421875000e-01
5.994380116462707520e-01
3.655335903167724609e-01
5.254189968109130859e-01
5.714401602745056152e-01
6.073296070098876953e-01
4.031533896923065186e-01
4.893499016761779785e-01
5.595260262489318848e-01
4.083319008350372314e-01
5.342164039611816406e-01
4.838657081127166748e-01
3.833664357662200928e-01
7.120714187622070312e-01
7.332144975662231445e-01
6.746338009834289551e-01
7.435771822929382324e-01
5.343589186668395996e-01
3.432025313377380371e-01
5.055468678474426270e-01
5.363585352897644043e-01
7.499364614486694336e-01
6.111522912979125977e-01
4.295684695243835449e-01
5.329467058181762695e-01
5.413531064987182617e-01
5.774754285812377930e-01
5.855507850646972656e-01
4.777682721614837646e-01
7.373616695404052734e-01
8.513768911361694336e-01
9.779499769210815430e-01
6.633858680725097656e-01
2.478471696376800537e-01
4.520266056060791016e-01
3.724579215049743652e-01
3.911354541778564453e-01
5.324277877807617188e-01
7.988062500953674316e-01
6.795419454574584961e-01
4.629204869270324707e-01
4.423501789569854736e-01
4.141030907630920410e-01
5.790925621986389160e-01
5.905014276504516602e-01
4.717498421669006348e-01
6.071181297302246094e-01
4.138183295726776123e-01
3.800147175788879395e-01
6.092065572738647461e-01
4.662064909934997559e-01
3.481311500072479248e-01
3.475374877452850342e-01
4.082811176776885986e-01
5.023403167724609375e-01
7.177205085754394531e-01
8.408253192901611328e-01
8.138480186462402344e-01
5.650113224983215332e-01
4.172882437705993652e-01
4.018658399581909180e-01
4.067632853984832764e-01
5.582668781280517578e-01
4.127030074596405029e-01
3.980631828308105469e-01
5.155462622642517090e-01
5.588865876197814941e-01
7.480714321136474609e-01
5.168295502662658691e-01
5.092316269874572754e-01
5.268247723579406738e-01
4.323307871818542480e-01
6.013960242271423340e-01
3.898699879646301270e-01
4.320355653762817383e-01
4.501657783985137939e-01
5.671188831329345703e-01
6.326506137847900391e-01
7.389717102050781250e-01
9.160389900207519531e-01
1.170882582664489746e+00
1.655906438827514648e+00
1.405361413955688477e+00
1.634385347366333008e+00
1.726361989974975586e+00
1.092434048652648926e+00
8.478680849075317383e-01
8.866484165191650391e-01
9.812223315238952637e-01
1.129918694496154785e+00
1.264932394027709961e+00
1.406773328781127930e+00
1.390018939971923828e+00
1.220721125602722168e+00
1.368220806121826172e+00
7.638286352157592773e-01
4.965914487838745117e-01
6.439305543899536133e-01
5.925010442733764648e-01
6.868807077407836914e-01
7.296255826950073242e-01
5.559012293815612793e-01
4.081060886383056641e-01
4.527403414249420166e-01
4.390853643417358398e-01
4.669892489910125732e-01
7.242916226387023926e-01
7.298979163169860840e-01
6.772790551185607910e-01
5.369613170623779297e-01
4.395154714584350586e-01
5.212872028350830078e-01
6.363208889961242676e-01
6.714978814125061035e-01
4.691264629364013672e-01
4.347308874130249023e-01
5.919427871704101562e-01
5.512897372245788574e-01
6.134214997291564941e-01
5.737899541854858398e-01
4.675553143024444580e-01
4.583180248737335205e-01
4.291737675666809082e-01
5.862516760826110840e-01
6.159890890121459961e-01
5.408099889755249023e-01
3.494233191013336182e-01
3.946682214736938477e-01
5.097209811210632324e-01
4.866222739219665527e-01
8.083022236824035645e-01
5.440135002136230469e-01
4.461215138435363770e-01
6.089884638786315918e-01
4.511582553386688232e-01
4.932127594947814941e-01
3.386807441711425781e-01
4.524401128292083740e-01
6.169525384902954102e-01
4.145645499229431152e-01
4.565261900424957275e-01
4.967386126518249512e-01
4.766849577426910400e-01
5.274873971939086914e-01
6.955026984214782715e-01
5.742648839950561523e-01
5.022621154785156250e-01
4.318360388278961182e-01
3.760695457458496094e-01
3.534095287322998047e-01
4.668361842632293701e-01
4.853437840938568115e-01
5.750449299812316895e-01
4.235533475875854492e-01
4.563957452774047852e-01
5.078452825546264648e-01
5.428017973899841309e-01
5.534986257553100586e-01
6.378484964370727539e-01
6.900705695152282715e-01
3.888226151466369629e-01
4.239157438278198242e-01
4.592728614807128906e-01
4.813414514064788818e-01
3.754297494888305664e-01
4.552570581436157227e-01
4.951021373271942139e-01
5.649321675300598145e-01
4.411517977714538574e-01
5.431315302848815918e-01
4.570203125476837158e-01
4.008588790893554688e-01
7.038131952285766602e-01
7.105845212936401367e-01
7.777730226516723633e-01
3.993904590606689453e-01
7.013617157936096191e-01
5.057304501533508301e-01
5.193606615066528320e-01
4.548150300979614258e-01
3.996251821517944336e-01
5.159708261489868164e-01
4.454708993434906006e-01
4.641301035881042480e-01
6.603862047195434570e-01
4.689218997955322266e-01
4.109241664409637451e-01
4.764686226844787598e-01
3.804385960102081299e-01
5.649243593215942383e-01
4.906657338142395020e-01
5.335668325424194336e-01
6.058256626129150391e-01
7.491534352302551270e-01
5.301598310470581055e-01
3.769276738166809082e-01
4.724141359329223633e-01
5.740153789520263672e-01
4.532496631145477295e-01
4.011304974555969238e-01
3.628289103507995605e-01
4.060747027397155762e-01
4.329613447189331055e-01
4.410270750522613525e-01
5.961995124816894531e-01
4.175488352775573730e-01
3.198611140251159668e-01
4.287838041782379150e-01
6.169081926345825195e-01
5.282599329948425293e-01
8.768171072006225586e-01
9.415075778961181641e-01
1.955830574035644531e+00
2.677920341491699219e+00
4.009097814559936523e-01
2.305475175380706787e-01
2.665831744670867920e-01
8.458067178726196289e-01
1.338097691535949707e+00
3.106551408767700195e+00
2.613286972045898438e+00
1.345977544784545898e+00
7.144240140914916992e-01
4.430720508098602295e-01
5.638241171836853027e-01
6.720018982887268066e-01
7.206289768218994141e-01
9.820551872253417969e-01
9.645122885704040527e-01
1.286941528320312500e+00
7.613303661346435547e-01
4.892809391021728516e-01
4.317668676376342773e-01
4.893421828746795654e-01
5.148929953575134277e-01
5.514596700668334961e-01
6.622490882873535156e-01
5.718371868133544922e-01
7.015773653984069824e-01
8.107722401618957520e-01
6.880543231964111328e-01
4.748410284519195557e-01
4.106229543685913086e-01
4.972961544990539551e-01
5.155128240585327148e-01
6.781500577926635742e-01
7.115080356597900391e-01
7.163816094398498535e-01
5.337985754013061523e-01
3.744089007377624512e-01
5.384514331817626953e-01
5.378378629684448242e-01
6.499916911125183105e-01
4.796499907970428467e-01
4.453672766685485840e-01
4.605216681957244873e-01
3.085286915302276611e-01
3.918440937995910645e-01
3.706435859203338623e-01
