3.839777946472167969e+00
5.588582992553710938e+00
6.280676364898681641e+00
5.699035167694091797e+00
6.422178268432617188e+00
7.347828388214111328e+00
7.485106468200683594e+00
7.764126777648925781e+00
8.978894233703613281e+00
7.480633735656738281e+00
9.936410903930664062e+00
8.242664337158203125e+00
9.873920440673828125e+00
8.769855499267578125e+00
1.190121936798095703e+01
8.344965934753417969e+00
1.361010551452636719e+01
1.151381874084472656e+01
6.493241310119628906e+00
1.654578590393066406e+01
1.707266235351562500e+01
1.185457229614257812e+01
6.181660652160644531e+00
1.796927070617675781e+01
1.975629425048828125e+01
1.494794178009033203e+01
6.400927543640136719e+00
1.725041198730468750e+01
1.903693389892578125e+01
1.505945587158203125e+01
7.601604461669921875e+00
1.618799591064453125e+01
1.708773231506347656e+01
1.208371162414550781e+01
5.406127929687500000e+00
1.980220413208007812e+01
2.246035003662109375e+01
1.924155044555664062e+01
1.254674625396728516e+01
4.949395179748535156e+00
2.003858184814453125e+01
2.319678878784179688e+01
2.103793716430664062e+01
1.504517555236816406e+01
7.985532760620117188e+00
9.747863769531250000e+00
8.930419921875000000e+00
7.380127906799316406e+00
1.114450073242187500e+01
9.355617523193359375e+00
7.030227661132812500e+00
1.446743011474609375e+01
1.446345138549804688e+01
1.019333457946777344e+01
5.881640911102294922e+00
2.388257980346679688e+01
2.744941711425781250e+01
2.528606033325195312e+01
1.957582855224609375e+01
1.174822616577148438e+01
4.668000698089599609e+00
2.487176322937011719e+01
2.937588119506835938e+01
2.962124824523925781e+01
2.811929321289062500e+01
2.516617012023925781e+01
1.978924942016601562e+01
1.232755374908447266e+01
4.747012138366699219e+00
2.414423942565917969e+01
2.644194793701171875e+01
2.405068588256835938e+01
1.851073074340820312e+01
1.151423072814941406e+01
4.569092750549316406e+00
2.015600585937500000e+01
2.217140960693359375e+01
1.860142707824707031e+01
1.403817176818847656e+01
7.560970306396484375e+00
6.010339736938476562e+00
9.249111175537109375e+00
7.861761093139648438e+00
5.398893356323242188e+00
8.673563957214355469e+00
6.849042892456054688e+00
5.386145591735839844e+00
9.362693786621093750e+00
7.279871463775634766e+00
4.772331237792968750e+00
1.010882949829101562e+01
7.550361633300781250e+00
3.549779415130615234e+00
1.037474822998046875e+01
7.118699073791503906e+00
3.109599113464355469e+00
6.991368770599365234e+00
4.713620662689208984e+00
3.003935813903808594e+00
6.227545738220214844e+00
4.682341098785400391e+00
3.963493347167968750e+00
5.833662986755371094e+00
2.050180912017822266e+00
9.106063842773437500e+00
5.351858139038085938e+00
2.422148227691650391e+00
6.444412231445312500e+00
5.780260086059570312e+00
3.537257671356201172e+00
3.341043710708618164e+00
4.127668857574462891e+00
3.877343654632568359e+00
3.011758089065551758e+00
3.921317100524902344e+00
2.951982975006103516e+00
4.136957168579101562e+00
3.400447845458984375e+00
2.723632812500000000e+00
5.626963615417480469e+00
2.422089099884033203e+00
5.418394565582275391e+00
3.615685462951660156e+00
4.441128730773925781e+00
3.485665798187255859e+00
3.290994644165039062e+00
4.721972465515136719e+00
3.319404602050781250e+00
3.645675182342529297e+00
3.313036441802978516e+00
4.092782020568847656e+00
1.350847959518432617e+00
8.072210311889648438e+00
4.304565429687500000e+00
1.509866714477539062e+00
4.912092208862304688e+00
3.258671045303344727e+00
2.726621150970458984e+00
3.680267572402954102e+00
3.998401165008544922e+00
3.657394886016845703e+00
3.410232305526733398e+00
3.318885087966918945e+00
4.278335571289062500e+00
3.918851375579833984e+00
3.181169986724853516e+00
5.497683048248291016e+00
2.315936565399169922e+00
6.808970451354980469e+00
3.695371627807617188e+00
3.750066280364990234e+00
4.770377159118652344e+00
3.409936904907226562e+00
4.774323463439941406e+00
3.354655265808105469e+00
3.652256488800048828e+00
4.843432426452636719e+00
3.519395351409912109e+00
4.836231231689453125e+00
2.958946943283081055e+00
6.434548854827880859e+00
3.540181159973144531e+00
3.795857906341552734e+00
4.800826549530029297e+00
4.190500259399414062e+00
4.556326866149902344e+00
3.544418811798095703e+00
6.110493659973144531e+00
3.962755680084228516e+00
5.194099426269531250e+00
4.794010162353515625e+00
4.167270183563232422e+00
5.532303333282470703e+00
3.833244085311889648e+00
5.184703826904296875e+00
4.680063247680664062e+00
4.600077629089355469e+00
4.196002006530761719e+00
5.762977600097656250e+00
5.043765068054199219e+00
3.964784145355224609e+00
5.534335136413574219e+00
4.761968612670898438e+00
4.627368927001953125e+00
5.309911727905273438e+00
4.163879394531250000e+00
6.418094635009765625e+00
5.481114387512207031e+00
5.338669776916503906e+00
5.684028625488281250e+00
5.198753356933593750e+00
5.616719245910644531e+00
6.319746971130371094e+00
4.930569648742675781e+00
9.830731391906738281e+00
6.925081253051757812e+00
4.061979293823242188e+00
1.342073822021484375e+01
1.096387767791748047e+01
6.784985065460205078e+00
6.720773220062255859e+00
9.277768135070800781e+00
6.317355155944824219e+00
8.032960891723632812e+00
5.668396949768066406e+00
8.059047698974609375e+00
5.359396457672119141e+00
1.015671348571777344e+01
5.813208103179931641e+00
5.955957412719726562e+00
6.357582092285156250e+00
5.501083374023437500e+00
6.051626205444335938e+00
5.255733966827392578e+00
7.013384819030761719e+00
5.291514396667480469e+00
6.431939125061035156e+00
4.078320503234863281e+00
6.822177410125732422e+00
5.838215827941894531e+00
4.091706275939941406e+00
7.316824436187744141e+00
6.474174499511718750e+00
4.584231376647949219e+00
9.037858963012695312e+00
6.953391075134277344e+00
3.369625568389892578e+00
8.802234649658203125e+00
7.536920547485351562e+00
7.978092670440673828e+00
4.871158599853515625e+00
8.297344207763671875e+00
5.537523269653320312e+00
6.823327541351318359e+00
5.674698829650878906e+00
5.574782371520996094e+00
4.789767265319824219e+00
7.985774993896484375e+00
5.547633647918701172e+00
3.977725982666015625e+00
8.042596817016601562e+00
6.379572868347167969e+00
4.384754657745361328e+00
7.227456092834472656e+00
6.163327693939208984e+00
5.035735607147216797e+00
6.211340427398681641e+00
5.556540966033935547e+00
4.643126487731933594e+00
5.321236610412597656e+00
5.071474075317382812e+00
5.050174713134765625e+00
5.056110858917236328e+00
4.648872375488281250e+00
4.778005599975585938e+00
5.176128387451171875e+00
4.761896133422851562e+00
4.661612510681152344e+00
5.318130016326904297e+00
5.375989913940429688e+00
5.171803474426269531e+00
5.555854797363281250e+00
6.535923004150390625e+00
5.705341339111328125e+00
6.699567794799804688e+00
6.195306777954101562e+00
5.075489521026611328e+00
1.043840789794921875e+01
5.048785209655761719e+00
9.748218536376953125e+00
7.936506271362304688e+00
4.615919589996337891e+00
4.560766220092773438e+00
6.382536888122558594e+00
5.101541519165039062e+00
3.720194339752197266e+00
5.128529548645019531e+00
4.199601650238037109e+00
4.153767585754394531e+00
3.322045803070068359e+00
6.522333145141601562e+00
3.403451204299926758e+00
4.019667625427246094e+00
4.808802127838134766e+00
3.305081367492675781e+00
3.904875755310058594e+00
4.132564544677734375e+00
4.145671844482421875e+00
4.843061923980712891e+00
2.696577310562133789e+00
7.288223743438720703e+00
9.099703431129455566e-01
7.780386924743652344e+00
3.892848968505859375e+00
2.915650367736816406e+00
4.881322860717773438e+00
2.778306961059570312e+00
3.106051445007324219e+00
3.304909944534301758e+00
3.252119541168212891e+00
3.476767539978027344e+00
1.919608235359191895e+00
3.908400058746337891e+00
1.897602200508117676e+00
5.357107162475585938e+00
1.228860378265380859e+00
6.452096939086914062e+00
3.404677867889404297e+00
1.561621904373168945e+00
4.671795368194580078e+00
3.358931064605712891e+00
2.903795719146728516e+00
2.336771726608276367e+00
4.476624011993408203e+00
1.953857183456420898e+00
3.850976943969726562e+00
2.868119239807128906e+00
1.893225193023681641e+00
4.488098144531250000e+00
3.645295381546020508e+00
2.588267326354980469e+00
3.005819559097290039e+00
3.820395946502685547e+00
1.112661838531494141e+00
6.143341064453125000e+00
3.134129047393798828e+00
2.267015933990478516e+00
4.240581512451171875e+00
1.463547229766845703e+00
4.448950290679931641e+00
2.262821197509765625e+00
4.034624099731445312e+00
2.366813182830810547e+00
3.887022495269775391e+00
3.141324520111083984e+00
3.040960550308227539e+00
4.754382610321044922e+00
2.082981586456298828e+00
3.578247785568237305e+00
5.061445236206054688e+00
2.420717716217041016e+00
4.254167079925537109e+00
3.727084398269653320e+00
3.962066650390625000e+00
3.151187896728515625e+00
5.349293708801269531e+00
1.879891395568847656e+00
6.971161365509033203e+00
3.353944301605224609e+00
4.500371932983398438e+00
1.484347343444824219e+00
4.856091976165771484e+00
1.999110698699951172e+00
3.054318904876708984e+00
2.802826642990112305e+00
2.434034347534179688e+00
3.087599039077758789e+00
2.787689208984375000e+00
3.048952341079711914e+00
3.847991704940795898e+00
2.977543592453002930e+00
4.807463645935058594e+00
3.851260662078857422e+00
4.182026863098144531e+00
5.610920906066894531e+00
2.836985588073730469e+00
6.971493244171142578e+00
2.151183605194091797e+00
3.317783594131469727e+00
7.584804892539978027e-01
4.230472564697265625e+00
2.759546279907226562e+00
1.837089538574218750e+00
3.162285804748535156e+00
2.832350015640258789e+00
1.579192399978637695e+00
3.143877506256103516e+00
2.933084726333618164e+00
2.241914749145507812e+00
3.367924928665161133e+00
2.807696342468261719e+00
3.424046277999877930e+00
3.631054639816284180e+00
3.219027042388916016e+00
3.343083620071411133e+00
4.377105712890625000e+00
2.967150449752807617e+00
5.284569740295410156e+00
3.854107856750488281e+00
4.212786197662353516e+00
4.127542972564697266e+00
4.819407463073730469e+00
3.861367464065551758e+00
5.166634559631347656e+00
3.561355113983154297e+00
6.122940540313720703e+00
3.712968349456787109e+00
5.352110862731933594e+00
3.904917955398559570e+00
1.070653724670410156e+01
3.210880756378173828e+00
6.735590934753417969e+00
2.679295539855957031e+00
9.109004974365234375e+00
3.538139820098876953e+00
4.480667114257812500e+00
5.789661884307861328e+00
4.098120689392089844e+00
5.627906799316406250e+00
5.585977554321289062e+00
6.157795429229736328e+00
5.059576511383056641e+00
5.611730575561523438e+00
4.590530872344970703e+00
4.532961845397949219e+00
4.350809574127197266e+00
4.194465160369873047e+00
3.876997709274291992e+00
3.276834487915039062e+00
4.795701980590820312e+00
3.333489418029785156e+00
4.119419097900390625e+00
4.339535713195800781e+00
4.815574645996093750e+00
3.529890060424804688e+00
7.555824279785156250e+00
5.488659381866455078e+00
3.515130996704101562e+00
6.796930313110351562e+00
3.125573635101318359e+00
3.517266273498535156e+00
4.757426261901855469e+00
3.936837673187255859e+00
3.557224273681640625e+00
5.212831497192382812e+00
3.026173591613769531e+00
6.139983654022216797e+00
3.526278972625732422e+00
4.311242580413818359e+00
4.572679042816162109e+00
4.791064262390136719e+00
3.382151603698730469e+00
6.062804222106933594e+00
3.200527667999267578e+00
4.658401489257812500e+00
3.326241970062255859e+00
4.619516372680664062e+00
3.010431766510009766e+00
4.219702720642089844e+00
1.832382321357727051e+00
6.596545219421386719e+00
3.648925304412841797e+00
2.864449024200439453e+00
5.662691116333007812e+00
3.599139928817749023e+00
3.470324039459228516e+00
4.912650108337402344e+00
4.168559074401855469e+00
4.665631294250488281e+00
3.656054496765136719e+00
4.399774551391601562e+00
4.811267852783203125e+00
3.626386642456054688e+00
5.265487670898437500e+00
4.138543605804443359e+00
3.876318931579589844e+00
5.716354370117187500e+00
5.184951782226562500e+00
5.699874877929687500e+00
3.583252429962158203e+00
5.790248870849609375e+00
3.925921440124511719e+00
4.724853515625000000e+00
4.800536632537841797e+00
4.786315917968750000e+00
4.934297561645507812e+00
4.790034294128417969e+00
8.235825538635253906e+00
4.765365600585937500e+00
9.073944091796875000e+00
6.311652660369873047e+00
3.251946926116943359e+00
5.566431045532226562e+00
5.848348617553710938e+00
4.249428272247314453e+00
4.002781867980957031e+00
5.469250679016113281e+00
3.313938617706298828e+00
6.944833755493164062e+00
4.578508377075195312e+00
5.040448188781738281e+00
5.736015319824218750e+00
4.454983711242675781e+00
6.063211441040039062e+00
3.290598869323730469e+00
8.337436676025390625e+00
2.368072032928466797e+00
7.386047363281250000e+00
3.178173542022705078e+00
4.949629783630371094e+00
4.095488548278808594e+00
3.048356533050537109e+00
4.440504074096679688e+00
3.727873325347900391e+00
3.322866201400756836e+00
4.218126773834228516e+00
4.425556182861328125e+00
3.231111526489257812e+00
4.479124069213867188e+00
3.032448291778564453e+00
4.474541187286376953e+00
3.194159507751464844e+00
3.402085065841674805e+00
4.818502902984619141e+00
2.456196069717407227e+00
4.233366966247558594e+00
3.242175102233886719e+00
4.065038681030273438e+00
2.637695312500000000e+00
4.381821632385253906e+00
2.923837423324584961e+00
3.131566524505615234e+00
4.173364639282226562e+00
3.145930767059326172e+00
3.370975494384765625e+00
4.509252071380615234e+00
2.155646800994873047e+00
5.130772113800048828e+00
3.668499469757080078e+00
2.713825225830078125e+00
5.664921760559082031e+00
3.060401439666748047e+00
3.725653648376464844e+00
4.210133075714111328e+00
3.194687843322753906e+00
5.811856269836425781e+00
3.023859024047851562e+00
3.319638729095458984e+00
4.991407394409179688e+00
2.706445693969726562e+00
5.274667739868164062e+00
2.003645658493041992e+00
4.315382480621337891e+00
3.966494798660278320e+00
3.340663671493530273e+00
3.349678516387939453e+00
4.051109313964843750e+00
2.672821044921875000e+00
4.004961013793945312e+00
2.570233821868896484e+00
3.719396591186523438e+00
2.865936994552612305e+00
2.558410882949829102e+00
5.187658786773681641e+00
2.420960426330566406e+00
3.273649692535400391e+00
4.488471984863281250e+00
2.762902498245239258e+00
4.514702320098876953e+00
2.656045436859130859e+00
5.389574050903320312e+00
3.127384901046752930e+00
5.451748847961425781e+00
1.919163703918457031e+00
5.893543720245361328e+00
2.161560058593750000e+00
5.586966037750244141e+00
5.042350769042968750e+00
2.838674783706665039e+00
5.871715545654296875e+00
2.651793003082275391e+00
4.995098114013671875e+00
2.838888645172119141e+00
3.337344884872436523e+00
4.040003776550292969e+00
4.305487632751464844e+00
3.449265480041503906e+00
4.122155189514160156e+00
4.192530155181884766e+00
2.796964168548583984e+00
4.525838375091552734e+00
2.961204528808593750e+00
3.946512222290039062e+00
3.487339019775390625e+00
3.846978664398193359e+00
3.915422439575195312e+00
4.068673610687255859e+00
3.912408590316772461e+00
3.528717517852783203e+00
3.209162235260009766e+00
4.161837100982666016e+00
3.690797328948974609e+00
3.120624065399169922e+00
4.156867504119873047e+00
4.581178665161132812e+00
1.460575103759765625e+00
8.744121551513671875e+00
3.552510738372802734e+00
3.792006731033325195e+00
5.536691665649414062e+00
8.952214717864990234e-01
8.114781379699707031e+00
4.090548992156982422e+00
2.180531263351440430e+00
5.379734039306640625e+00
3.648399829864501953e+00
2.563892841339111328e+00
3.842907905578613281e+00
3.003160715103149414e+00
3.524081945419311523e+00
2.922463417053222656e+00
3.868748426437377930e+00
2.423964738845825195e+00
4.615143299102783203e+00
3.031622886657714844e+00
4.525595188140869141e+00
3.997452974319458008e+00
3.209408760070800781e+00
5.767662525177001953e+00
2.709034442901611328e+00
5.103494167327880859e+00
3.873791694641113281e+00
3.378941535949707031e+00
4.820374965667724609e+00
3.916382074356079102e+00
4.113131523132324219e+00
4.523565292358398438e+00
4.212543487548828125e+00
4.031275272369384766e+00
3.900620937347412109e+00
4.905078887939453125e+00
3.860171318054199219e+00
3.875721693038940430e+00
5.300341606140136719e+00
3.273987531661987305e+00
5.398361206054687500e+00
3.099280357360839844e+00
5.098143577575683594e+00
4.623126983642578125e+00
3.325363874435424805e+00
6.215320587158203125e+00
1.533367633819580078e+00
7.255138397216796875e+00
4.435500621795654297e+00
4.289271354675292969e+00
3.981442451477050781e+00
3.903011322021484375e+00
3.341711282730102539e+00
3.452244043350219727e+00
3.431793689727783203e+00
4.167040824890136719e+00
4.106621742248535156e+00
3.000625133514404297e+00
3.377295017242431641e+00
4.753656387329101562e+00
2.941274642944335938e+00
4.203508377075195312e+00
4.139306545257568359e+00
3.844550371170043945e+00
3.720674514770507812e+00
4.006285667419433594e+00
3.700464963912963867e+00
4.058346748352050781e+00
4.001315116882324219e+00
3.989759445190429688e+00
2.910099506378173828e+00
5.224884986877441406e+00
2.733805656433105469e+00
5.803647994995117188e+00
2.547298192977905273e+00
5.842563629150390625e+00
3.138405323028564453e+00
5.358058929443359375e+00
2.656818389892578125e+00
7.260456085205078125e+00
3.005248069763183594e+00
5.206616878509521484e+00
4.372815132141113281e+00
5.177455425262451172e+00
1.635032057762145996e+00
7.310870170593261719e+00
2.698884010314941406e+00
2.344236850738525391e+00
4.609507560729980469e+00
3.988029956817626953e+00
2.627380847930908203e+00
5.127917766571044922e+00
2.166900873184204102e+00
4.816836357116699219e+00
3.274459362030029297e+00
3.398918390274047852e+00
5.034489631652832031e+00
3.026288509368896484e+00
4.381590843200683594e+00
2.923686981201171875e+00
5.232746601104736328e+00
3.113441944122314453e+00
5.996371269226074219e+00
2.241052627563476562e+00
5.153462886810302734e+00
4.001756668090820312e+00
3.641056299209594727e+00
7.806556701660156250e+00
3.939922332763671875e+00
3.695711135864257812e+00
4.750224113464355469e+00
3.167265653610229492e+00
4.443336486816406250e+00
3.487938404083251953e+00
3.643943786621093750e+00
4.659238815307617188e+00
3.126092433929443359e+00
6.335268974304199219e+00
3.672219753265380859e+00
5.695592880249023438e+00
3.797309637069702148e+00
4.318759441375732422e+00
4.433888435363769531e+00
4.075664520263671875e+00
4.865869522094726562e+00
3.407683610916137695e+00
4.665310382843017578e+00
4.188067913055419922e+00
2.731795310974121094e+00
6.175480842590332031e+00
4.539166450500488281e+00
3.225587368011474609e+00
5.407832145690917969e+00
4.520689964294433594e+00
4.040359020233154297e+00
5.984906196594238281e+00
4.086776256561279297e+00
5.248688220977783203e+00
3.678155422210693359e+00
5.722308635711669922e+00
3.213071107864379883e+00
6.814236164093017578e+00
4.255586624145507812e+00
4.620522975921630859e+00
6.176947116851806641e+00
2.074698448181152344e+00
8.842521667480468750e+00
3.872857570648193359e+00
4.863936424255371094e+00
5.146430492401123047e+00
2.871382713317871094e+00
7.319907665252685547e+00
4.048385024070739746e-01
9.011196136474609375e+00
6.321271896362304688e+00
2.134256124496459961e+00
5.014977455139160156e+00
4.569338798522949219e+00
3.150261402130126953e+00
3.976600646972656250e+00
3.064492702484130859e+00
4.835165977478027344e+00
3.023499965667724609e+00
3.639006614685058594e+00
3.932891845703125000e+00
4.129671096801757812e+00
2.961756229400634766e+00
5.329479217529296875e+00
4.154603004455566406e+00
3.550215721130371094e+00
4.312023639678955078e+00
3.914214134216308594e+00
4.070039272308349609e+00
3.444621801376342773e+00
3.883728504180908203e+00
3.871757268905639648e+00
4.252574920654296875e+00
2.895903110504150391e+00
4.983796596527099609e+00
3.693958520889282227e+00
3.346573829650878906e+00
4.806399345397949219e+00
3.371676445007324219e+00
5.542903900146484375e+00
2.742164373397827148e+00
6.211888313293457031e+00
3.913420200347900391e+00
2.898975372314453125e+00
7.428500175476074219e+00
3.087308883666992188e+00
5.700741767883300781e+00
4.141728878021240234e+00
4.442420005798339844e+00
4.164515495300292969e+00
4.516400814056396484e+00
5.476481437683105469e+00
2.931089878082275391e+00
5.852999210357666016e+00
4.497192382812500000e+00
4.359468460083007812e+00
4.828962802886962891e+00
4.180181503295898438e+00
3.655011177062988281e+00
3.890283823013305664e+00
5.303978443145751953e+00
2.761470079421997070e+00
7.490741252899169922e+00
3.247717857360839844e+00
5.679895401000976562e+00
4.574935913085937500e+00
3.750499963760375977e+00
4.428348064422607422e+00
4.621154785156250000e+00
2.561625480651855469e+00
7.433687210083007812e+00
2.118320465087890625e+00
6.214159488677978516e+00
3.218417882919311523e+00
5.444236278533935547e+00
2.840697526931762695e+00
5.561557769775390625e+00
3.106304645538330078e+00
5.167284488677978516e+00
3.456037521362304688e+00
3.360177040100097656e+00
7.235442161560058594e+00
2.427272319793701172e+00
8.174569129943847656e+00
3.805166721343994141e+00
6.491665363311767578e+00
5.598612785339355469e+00
3.730516910552978516e+00
6.421755313873291016e+00
3.232543468475341797e+00
5.301317214965820312e+00
3.525181293487548828e+00
4.604934215545654297e+00
3.999456882476806641e+00
4.434106826782226562e+00
3.785703659057617188e+00
3.964587211608886719e+00
4.051224708557128906e+00
3.611550807952880859e+00
4.902233123779296875e+00
3.509562492370605469e+00
4.062088012695312500e+00
4.640390396118164062e+00
4.929781436920166016e+00
3.747670412063598633e+00
5.548890113830566406e+00
4.016166210174560547e+00
4.286870002746582031e+00
4.718761444091796875e+00
3.871670246124267578e+00
6.483836174011230469e+00
3.550791740417480469e+00
4.575070381164550781e+00
4.969421386718750000e+00
4.229467391967773438e+00
5.918275356292724609e+00
2.892100811004638672e+00
8.856940269470214844e+00
5.020485877990722656e+00
3.309407234191894531e+00
6.786880493164062500e+00
2.269954681396484375e+00
8.923009872436523438e+00
1.507133245468139648e+00
7.018868446350097656e+00
5.146529674530029297e+00
3.327400207519531250e+00
5.042157173156738281e+00
4.198466300964355469e+00
3.813709735870361328e+00
3.442629575729370117e+00
4.231883525848388672e+00
3.640502214431762695e+00
3.351269006729125977e+00
3.287732839584350586e+00
4.266055107116699219e+00
4.325864791870117188e+00
3.858652114868164062e+00
2.992718935012817383e+00
6.167891502380371094e+00
3.399493217468261719e+00
4.816792011260986328e+00
4.403238773345947266e+00
2.753397703170776367e+00
6.751924514770507812e+00
3.312276601791381836e+00
5.664392471313476562e+00
3.134176492691040039e+00
7.507877826690673828e+00
3.124896287918090820e+00
4.348031997680664062e+00
4.847985744476318359e+00
3.075649023056030273e+00
4.276185035705566406e+00
3.362017631530761719e+00
5.920006752014160156e+00
2.718336582183837891e+00
5.406826972961425781e+00
3.970921754837036133e+00
4.597659111022949219e+00
3.133527517318725586e+00
6.483446598052978516e+00
2.723453044891357422e+00
6.897678375244140625e+00
4.352319717407226562e+00
4.468605995178222656e+00
4.241663932800292969e+00
3.578052520751953125e+00
6.048411369323730469e+00
4.323590278625488281e+00
2.893176078796386719e+00
6.231131553649902344e+00
2.953640460968017578e+00
6.157530784606933594e+00
3.799102544784545898e+00
5.296846389770507812e+00
3.612982034683227539e+00
3.484205245971679688e+00
6.320389747619628906e+00
2.177634000778198242e+00
7.240869522094726562e+00
4.954006195068359375e+00
3.434523582458496094e+00
5.885814189910888672e+00
4.888301372528076172e+00
2.636801242828369141e+00
8.047311782836914062e+00
3.083707809448242188e+00
5.966595649719238281e+00
4.506464004516601562e+00
4.709364414215087891e+00
3.152382373809814453e+00
6.086572170257568359e+00
1.180142641067504883e+00
9.382133483886718750e+00
2.990162849426269531e+00
2.757712602615356445e+00
7.220236778259277344e+00
3.683753490447998047e+00
4.106461524963378906e+00
5.175845623016357422e+00
2.747345924377441406e+00
7.594488620758056641e+00
2.322699546813964844e+00
4.904749870300292969e+00
4.356811046600341797e+00
3.692409992218017578e+00
3.212116718292236328e+00
4.324055194854736328e+00
4.258505344390869141e+00
1.134360432624816895e+00
6.264462471008300781e+00
4.861051559448242188e+00
3.382616996765136719e+00
3.084647655487060547e+00
4.638870716094970703e+00
2.588498353958129883e+00
4.167205333709716797e+00
4.147125720977783203e+00
3.647881031036376953e+00
3.455354690551757812e+00
5.150439262390136719e+00
3.048454999923706055e+00
4.243438720703125000e+00
3.469219207763671875e+00
3.645881414413452148e+00
4.413645744323730469e+00
3.923433303833007812e+00
3.553268909454345703e+00
4.419847488403320312e+00
3.903465032577514648e+00
4.419738769531250000e+00
3.724147319793701172e+00
4.122014045715332031e+00
4.104340553283691406e+00
3.811858177185058594e+00
3.635094165802001953e+00
4.257561206817626953e+00
4.097290039062500000e+00
4.936608791351318359e+00
3.692192077636718750e+00
5.118117332458496094e+00
2.770131587982177734e+00
6.492474079132080078e+00
3.370614528656005859e+00
3.751479625701904297e+00
5.511998176574707031e+00
2.709590435028076172e+00
5.185271263122558594e+00
3.594770669937133789e+00
3.021516799926757812e+00
4.369787216186523438e+00
2.605692625045776367e+00
6.637611389160156250e+00
3.448034763336181641e+00
3.891057491302490234e+00
5.343091487884521484e+00
2.913367748260498047e+00
7.971376419067382812e+00
5.275298595428466797e+00
3.670117855072021484e+00
7.195943832397460938e+00
3.039758682250976562e+00
7.769671440124511719e+00
3.522838115692138672e+00
5.225539684295654297e+00
3.687923908233642578e+00
4.176889896392822266e+00
5.815819263458251953e+00
2.946511268615722656e+00
6.847798347473144531e+00
3.198596239089965820e+00
3.688879966735839844e+00
5.779885292053222656e+00
3.465482234954833984e+00
4.023434638977050781e+00
4.154625892639160156e+00
3.911189556121826172e+00
4.277337551116943359e+00
3.904259204864501953e+00
4.518441200256347656e+00
2.786796331405639648e+00
4.747871875762939453e+00
4.363916873931884766e+00
6.161220550537109375e+00
1.998197436332702637e+00
8.381380081176757812e+00
3.923198699951171875e+00
4.595981597900390625e+00
5.927198886871337891e+00
4.415775775909423828e+00
4.996348381042480469e+00
4.126018047332763672e+00
5.848690986633300781e+00
2.474109411239624023e+00
8.069723129272460938e+00
3.762485504150390625e+00
3.724131107330322266e+00
7.334263324737548828e+00
2.777833938598632812e+00
4.043025970458984375e+00
4.588029861450195312e+00
2.289528369903564453e+00
6.427273750305175781e+00
3.941762447357177734e+00
3.602976799011230469e+00
5.101987361907958984e+00
4.250585556030273438e+00
3.487169742584228516e+00
4.788082599639892578e+00
4.100530624389648438e+00
3.329011917114257812e+00
6.900725364685058594e+00
3.449992179870605469e+00
6.272433757781982422e+00
3.016596317291259766e+00
7.852391242980957031e+00
4.266581535339355469e+00
7.362397193908691406e+00
3.115731239318847656e+00
6.241416454315185547e+00
4.652387619018554688e+00
3.324602365493774414e+00
5.856559753417968750e+00
3.045917034149169922e+00
4.610967636108398438e+00
3.930759429931640625e+00
3.465112924575805664e+00
3.986794233322143555e+00
4.054244518280029297e+00
4.388924598693847656e+00
4.798475265502929688e+00
3.599387168884277344e+00
6.409801483154296875e+00
3.345493793487548828e+00
6.348514556884765625e+00
4.146450042724609375e+00
4.405118942260742188e+00
5.440413475036621094e+00
3.236705303192138672e+00
5.920851230621337891e+00
4.767356872558593750e+00
4.631464004516601562e+00
4.903922080993652344e+00
3.300801753997802734e+00
6.827104568481445312e+00
2.612697601318359375e+00
7.008326530456542969e+00
3.825875759124755859e+00
4.526442527770996094e+00
4.421648979187011719e+00
5.118504524230957031e+00
4.795140266418457031e+00
3.178634166717529297e+00
7.192481994628906250e+00
4.885449409484863281e+00
3.759895324707031250e+00
5.239036560058593750e+00
5.384383678436279297e+00
4.815526008605957031e+00
3.508478403091430664e+00
6.795509338378906250e+00
4.126789093017578125e+00
4.379704475402832031e+00
5.355556488037109375e+00
3.665107965469360352e+00
5.746684551239013672e+00
4.506456375122070312e+00
4.019308567047119141e+00
5.202467918395996094e+00
4.395318984985351562e+00
5.153111934661865234e+00
4.754532814025878906e+00
3.438268899917602539e+00
6.758646488189697266e+00
3.798918247222900391e+00
3.782227039337158203e+00
4.672235488891601562e+00
3.701410770416259766e+00
7.583427429199218750e+00
2.233505487442016602e+00
6.744245052337646484e+00
2.913281679153442383e+00
6.364966392517089844e+00
2.571359157562255859e+00
5.453448295593261719e+00
2.378158807754516602e+00
5.973671436309814453e+00
3.962705373764038086e+00
4.006321430206298828e+00
4.498791694641113281e+00
3.887725830078125000e+00
5.073237419128417969e+00
2.286391735076904297e+00
5.594927787780761719e+00
3.817055821418762207e-01
7.038797378540039062e+00
4.190932273864746094e+00
2.563897371292114258e+00
4.196754932403564453e+00
3.538653612136840820e+00
3.471318960189819336e+00
4.436522483825683594e+00
3.339180707931518555e+00
2.832243680953979492e+00
7.649785041809082031e+00
6.866374611854553223e-01
7.782311916351318359e+00
7.069910049438476562e+00
3.627018690109252930e+00
4.446631431579589844e+00
3.605144262313842773e+00
3.902529954910278320e+00
3.599577903747558594e+00
5.160045146942138672e+00
3.793199062347412109e+00
3.623119115829467773e+00
4.147382259368896484e+00
4.150285720825195312e+00
4.175913333892822266e+00
4.130341529846191406e+00
4.145203113555908203e+00
3.693005084991455078e+00
4.437515258789062500e+00
4.807352066040039062e+00
3.523042678833007812e+00
5.094201087951660156e+00
3.860010623931884766e+00
4.190923213958740234e+00
4.434109210968017578e+00
1.713630676269531250e+00
6.362168312072753906e+00
4.771681308746337891e+00
3.063381195068359375e+00
3.820693016052246094e+00
4.428419113159179688e+00
2.844285249710083008e+00
3.664507865905761719e+00
4.871075630187988281e+00
3.660886764526367188e+00
2.701227188110351562e+00
4.681673049926757812e+00
4.322620391845703125e+00
2.574842929840087891e+00
5.575879096984863281e+00
3.958340406417846680e+00
2.458361387252807617e+00
6.046561717987060547e+00
2.716886281967163086e+00
5.741705894470214844e+00
3.995391607284545898e+00
3.022619485855102539e+00
4.462121963500976562e+00
3.799680948257446289e+00
3.314883470535278320e+00
4.001209259033203125e+00
3.931922435760498047e+00
4.063462734222412109e+00
3.351735591888427734e+00
7.000027179718017578e+00
2.579963684082031250e+00
6.462255477905273438e+00
3.563187837600708008e+00
5.257526874542236328e+00
3.869786024093627930e+00
4.531972408294677734e+00
4.845399856567382812e+00
3.754811048507690430e+00
4.914360046386718750e+00
3.258990764617919922e+00
4.132606506347656250e+00
5.334002494812011719e+00
3.422620058059692383e+00
3.304609537124633789e+00
4.159445285797119141e+00
3.676095008850097656e+00
4.541170120239257812e+00
3.058861732482910156e+00
7.180110931396484375e+00
2.183950424194335938e+00
7.449668884277343750e+00
3.721039772033691406e+00
3.862870931625366211e+00
5.115330696105957031e+00
4.650734901428222656e+00
3.008306503295898438e+00
3.949594974517822266e+00
3.987088918685913086e+00
3.552121162414550781e+00
3.084030628204345703e+00
5.318103790283203125e+00
3.285444974899291992e+00
3.584380388259887695e+00
5.710158348083496094e+00
3.890362262725830078e+00
3.036249399185180664e+00
4.434205532073974609e+00
3.339443206787109375e+00
3.788512945175170898e+00
3.287268161773681641e+00
4.060346603393554688e+00
4.318762779235839844e+00
2.249880075454711914e+00
6.274421691894531250e+00
5.146059036254882812e+00
3.638822793960571289e+00
4.369911193847656250e+00
4.070767402648925781e+00
3.189606189727783203e+00
5.353049278259277344e+00
3.133422851562500000e+00
4.364197731018066406e+00
4.783642768859863281e+00
3.723432064056396484e+00
3.310127735137939453e+00
6.260340213775634766e+00
3.784769058227539062e+00
5.470289230346679688e+00
4.656228065490722656e+00
3.987260341644287109e+00
5.635607719421386719e+00
2.710983753204345703e+00
5.082841396331787109e+00
5.234353065490722656e+00
4.509258270263671875e+00
4.597342491149902344e+00
3.584465026855468750e+00
5.712803363800048828e+00
4.585516929626464844e+00
5.422773361206054688e+00
4.173626422882080078e+00
7.278507709503173828e+00
4.893311500549316406e+00
5.467507839202880859e+00
4.868835926055908203e+00
4.306791305541992188e+00
5.178845882415771484e+00
4.256158828735351562e+00
4.907380104064941406e+00
5.808475017547607422e+00
3.267379999160766602e+00
7.164548873901367188e+00
3.237864494323730469e+00
6.271738529205322266e+00
3.602777481079101562e+00
5.054553985595703125e+00
4.612612724304199219e+00
3.934403657913208008e+00
5.877148628234863281e+00
4.554742336273193359e+00
3.067202806472778320e+00
5.699710845947265625e+00
4.267625808715820312e+00
3.679849863052368164e+00
7.621114730834960938e+00
2.802858829498291016e+00
5.403366088867187500e+00
4.136710166931152344e+00
4.770168304443359375e+00
4.624797821044921875e+00
2.442897558212280273e+00
7.044231414794921875e+00
2.020227909088134766e+00
8.132464408874511719e+00
4.087022304534912109e+00
6.247901916503906250e+00
3.406639099121093750e+00
6.415842533111572266e+00
3.324873447418212891e+00
5.758114814758300781e+00
4.003674983978271484e+00
5.472899436950683594e+00
4.504269599914550781e+00
4.153806686401367188e+00
5.618865013122558594e+00
4.265319347381591797e+00
6.247297763824462891e+00
1.657395362854003906e+00
5.277247428894042969e+00
3.887603282928466797e+00
3.955561399459838867e+00
3.197533607482910156e+00
4.345746994018554688e+00
4.024625778198242188e+00
3.817100048065185547e+00
3.497123003005981445e+00
4.412789344787597656e+00
4.417270660400390625e+00
2.262649059295654297e+00
8.795666694641113281e+00
1.950107812881469727e+00
6.511060237884521484e+00
3.280105829238891602e+00
3.061772584915161133e+00
6.419864177703857422e+00
1.897679328918457031e+00
5.231944561004638672e+00
4.143999576568603516e+00
3.570977687835693359e+00
3.822845458984375000e+00
4.197147369384765625e+00
3.718364715576171875e+00
2.341341018676757812e+00
5.210969924926757812e+00
4.149700164794921875e+00
2.704228401184082031e+00
4.103269577026367188e+00
4.526496887207031250e+00
2.782117128372192383e+00
5.773737907409667969e+00
2.829073429107666016e+00
4.680144309997558594e+00
4.345203399658203125e+00
3.900371313095092773e+00
4.005620002746582031e+00
3.871963977813720703e+00
2.860703945159912109e+00
4.865753173828125000e+00
3.774269104003906250e+00
3.393187999725341797e+00
4.821632862091064453e+00
3.788670539855957031e+00
3.516661167144775391e+00
4.184965133666992188e+00
3.347494602203369141e+00
4.169636249542236328e+00
4.588639259338378906e+00
2.237823486328125000e+00
6.367190361022949219e+00
4.655992507934570312e+00
2.165991783142089844e+00
7.138888359069824219e+00
2.616918087005615234e+00
4.334274291992187500e+00
4.907455921173095703e+00
2.813296794891357422e+00
4.756292343139648438e+00
2.398208618164062500e+00
5.938977718353271484e+00
3.186743021011352539e+00
4.088043212890625000e+00
4.038575172424316406e+00
4.152756690979003906e+00
3.885846614837646484e+00
3.946016550064086914e+00
3.710397243499755859e+00
4.379518985748291016e+00
3.845929622650146484e+00
3.806364297866821289e+00
3.588613986968994141e+00
5.617364406585693359e+00
3.783693790435791016e+00
4.353614807128906250e+00
4.806593894958496094e+00
2.941232442855834961e+00
6.386256694793701172e+00
4.354600906372070312e+00
3.624085903167724609e+00
5.387879371643066406e+00
4.275351524353027344e+00
4.340969085693359375e+00
4.616201400756835938e+00
3.519108772277832031e+00
6.133144378662109375e+00
4.693097591400146484e+00
3.502595186233520508e+00
5.703058242797851562e+00
3.523973941802978516e+00
6.313816070556640625e+00
4.256553649902343750e+00
5.055130958557128906e+00
4.579477310180664062e+00
4.737097740173339844e+00
4.163586139678955078e+00
3.031789779663085938e+00
6.445767402648925781e+00
1.352689862251281738e+00
7.910159587860107422e+00
4.362315654754638672e+00
5.277678489685058594e+00
5.327556133270263672e+00
3.060116052627563477e+00
6.644140243530273438e+00
2.509833335876464844e+00
5.647723197937011719e+00
4.046761512756347656e+00
3.730113506317138672e+00
5.817261695861816406e+00
3.969800949096679688e+00
3.428153514862060547e+00
4.834488868713378906e+00
3.712464809417724609e+00
5.595311641693115234e+00
2.709978580474853516e+00
7.534494400024414062e+00
1.650372982025146484e+00
8.143920898437500000e+00
1.357826948165893555e+00
4.245864868164062500e+00
3.869176387786865234e+00
2.767685651779174805e+00
3.982548952102661133e+00
3.557863712310791016e+00
3.024081230163574219e+00
4.123600006103515625e+00
2.413628578186035156e+00
5.436914443969726562e+00
2.324108362197875977e+00
4.944378852844238281e+00
3.916161537170410156e+00
3.714273929595947266e+00
4.033059597015380859e+00
4.217646121978759766e+00
4.271028518676757812e+00
4.013475894927978516e+00
3.387062072753906250e+00
5.150237560272216797e+00
3.461542844772338867e+00
4.374795913696289062e+00
5.130686283111572266e+00
3.835748672485351562e+00
3.463395357131958008e+00
6.701691627502441406e+00
3.698631763458251953e+00
3.469954729080200195e+00
5.605346679687500000e+00
4.636636257171630859e+00
2.607987880706787109e+00
7.049135208129882812e+00
5.734055519104003906e+00
2.997199058532714844e+00
5.418454170227050781e+00
5.231414794921875000e+00
3.917129278182983398e+00
3.349088191986083984e+00
5.063174724578857422e+00
4.358077049255371094e+00
2.497166156768798828e+00
6.870635032653808594e+00
4.289974212646484375e+00
3.647136449813842773e+00
5.592687606811523438e+00
4.665378570556640625e+00
3.484088659286499023e+00
5.213943958282470703e+00
2.883045911788940430e+00
5.166660308837890625e+00
4.175916671752929688e+00
3.109925270080566406e+00
5.565268516540527344e+00
3.832663059234619141e+00
4.535723209381103516e+00
3.194913625717163086e+00
5.658621788024902344e+00
4.194020271301269531e+00
3.370584487915039062e+00
5.749908447265625000e+00
3.525544881820678711e+00
4.074904441833496094e+00
3.172430992126464844e+00
5.454580307006835938e+00
2.472594261169433594e+00
4.915087699890136719e+00
2.725119829177856445e+00
5.143171787261962891e+00
4.875352859497070312e+00
2.574187278747558594e+00
5.331843852996826172e+00
4.647694587707519531e+00
2.795038700103759766e+00
5.113938331604003906e+00
4.594394683837890625e+00
2.852245807647705078e+00
5.512969970703125000e+00
3.251593828201293945e+00
3.978454113006591797e+00
4.532955169677734375e+00
3.258888721466064453e+00
5.057661533355712891e+00
3.446953296661376953e+00
3.432423353195190430e+00
5.825252532958984375e+00
3.215701103210449219e+00
4.803781986236572266e+00
2.607440948486328125e+00
4.374280929565429688e+00
4.063791751861572266e+00
3.519129276275634766e+00
4.208099842071533203e+00
4.441053390502929688e+00
4.932441711425781250e+00
2.293522834777832031e+00
8.950896263122558594e+00
3.315019130706787109e+00
5.579288482666015625e+00
2.676615476608276367e+00
6.226554870605468750e+00
1.398437976837158203e+00
8.939069747924804688e+00
3.705227375030517578e+00
3.398168087005615234e+00
5.788360595703125000e+00
1.825569033622741699e+00
7.025029182434082031e+00
3.017496109008789062e+00
3.068173408508300781e+00
6.008131027221679688e+00
4.151815414428710938e+00
2.609254598617553711e+00
6.621431827545166016e+00
2.753679513931274414e+00
5.881305694580078125e+00
3.708561897277832031e+00
3.682848453521728516e+00
3.996547937393188477e+00
2.785357475280761719e+00
5.324686050415039062e+00
2.690883398056030273e+00
5.200115203857421875e+00
4.604899406433105469e+00
3.112440347671508789e+00
5.353633880615234375e+00
3.619535446166992188e+00
3.735898971557617188e+00
3.975023746490478516e+00
4.010627746582031250e+00
5.236762046813964844e+00
2.712572574615478516e+00
8.436242103576660156e+00
4.151376247406005859e+00
5.773540973663330078e+00
3.559315919876098633e+00
5.671084403991699219e+00
3.102422714233398438e+00
4.662943840026855469e+00
3.719895362854003906e+00
5.273314476013183594e+00
2.967991113662719727e+00
5.227239608764648438e+00
4.189552307128906250e+00
3.608870029449462891e+00
5.415869712829589844e+00
3.740715980529785156e+00
4.066205501556396484e+00
5.603990077972412109e+00
2.750507593154907227e+00
5.899659156799316406e+00
4.712250709533691406e+00
3.441770553588867188e+00
5.859712600708007812e+00
4.511945247650146484e+00
3.698574781417846680e+00
4.458714485168457031e+00
3.833862304687500000e+00
5.850584030151367188e+00
4.063548564910888672e+00
3.335167884826660156e+00
5.003025054931640625e+00
3.335870742797851562e+00
4.643332004547119141e+00
2.610191822052001953e+00
6.218521118164062500e+00
2.995738744735717773e+00
6.395114898681640625e+00
3.652925729751586914e+00
4.525197505950927734e+00
5.710416793823242188e+00
1.703138113021850586e+00
7.507043838500976562e+00
7.277188897132873535e-01
6.607441902160644531e+00
5.704610347747802734e+00
3.150587081909179688e+00
5.385377883911132812e+00
4.469948768615722656e+00
3.671346187591552734e+00
5.235988616943359375e+00
2.608770847320556641e+00
4.638356208801269531e+00
3.065365314483642578e+00
5.127412319183349609e+00
3.453014135360717773e+00
4.767281532287597656e+00
2.480403423309326172e+00
6.725152969360351562e+00
2.710771083831787109e+00
3.653480529785156250e+00
4.004268646240234375e+00
3.774806499481201172e+00
4.310100555419921875e+00
4.208292961120605469e+00
3.406201124191284180e+00
5.220592021942138672e+00
2.372379302978515625e+00
6.603430271148681641e+00
4.182023525238037109e+00
3.812088966369628906e+00
5.245522499084472656e+00
4.616231441497802734e+00
3.741959095001220703e+00
4.267243385314941406e+00
3.013482570648193359e+00
6.558563232421875000e+00
3.433205604553222656e+00
3.437494754791259766e+00
6.868361949920654297e+00
3.980250120162963867e+00
3.699555397033691406e+00
4.916477680206298828e+00
3.095484256744384766e+00
4.379411697387695312e+00
4.229689598083496094e+00
3.527111053466796875e+00
4.477006912231445312e+00
3.339693546295166016e+00
6.264731407165527344e+00
2.018325805664062500e+00
6.825221538543701172e+00
3.048640251159667969e+00
6.498356342315673828e+00
3.644225835800170898e+00
4.157105445861816406e+00
2.929126262664794922e+00
5.669258117675781250e+00
3.713244438171386719e+00
3.645359039306640625e+00
4.432567596435546875e+00
3.289509773254394531e+00
4.790081024169921875e+00
3.142608165740966797e+00
4.239684104919433594e+00
4.201920032501220703e+00
4.004175662994384766e+00
3.768780231475830078e+00
5.729960441589355469e+00
2.181951999664306641e+00
8.462161064147949219e+00
3.849867820739746094e+00
5.446591377258300781e+00
4.514176845550537109e+00
5.585783958435058594e+00
3.474331617355346680e+00
5.378694057464599609e+00
3.213850975036621094e+00
6.237881660461425781e+00
2.856657981872558594e+00
6.700815200805664062e+00
3.022387742996215820e+00
8.685402870178222656e+00
2.139626979827880859e+00
5.892695426940917969e+00
4.013838291168212891e+00
3.834397792816162109e+00
4.929263591766357422e+00
4.079975128173828125e+00
4.422703266143798828e+00
3.049141168594360352e+00
7.551703453063964844e+00
4.015632152557373047e+00
4.108925819396972656e+00
6.272491931915283203e+00
2.357215166091918945e+00
5.946676254272460938e+00
3.308567047119140625e+00
4.296682834625244141e+00
5.275357246398925781e+00
2.981016159057617188e+00
5.013988494873046875e+00
3.618264198303222656e+00
3.360102176666259766e+00
3.724323511123657227e+00
3.854483127593994141e+00
3.433303356170654297e+00
4.821227550506591797e+00
1.912945508956909180e+00
6.096876144409179688e+00
3.060195446014404297e+00
3.599566459655761719e+00
5.059747219085693359e+00
2.795888423919677734e+00
5.168194770812988281e+00
3.450932264328002930e+00
3.792853832244873047e+00
3.980799436569213867e+00
4.290003776550292969e+00
3.213192701339721680e+00
4.313623428344726562e+00
3.533284664154052734e+00
3.490123271942138672e+00
5.069323539733886719e+00
2.461525440216064453e+00
5.782507896423339844e+00
2.960733413696289062e+00
5.429447650909423828e+00
3.583866119384765625e+00
4.787309169769287109e+00
3.373563528060913086e+00
4.206189155578613281e+00
4.374064445495605469e+00
3.941256284713745117e+00
5.369807243347167969e+00
3.085007667541503906e+00
6.017148017883300781e+00
3.458375692367553711e+00
5.947722434997558594e+00
1.833304882049560547e+00
6.039757728576660156e+00
4.789588928222656250e+00
3.304349899291992188e+00
5.606046676635742188e+00
2.662241220474243164e+00
6.430781364440917969e+00
1.995283603668212891e+00
5.492190361022949219e+00
3.062501430511474609e+00
4.434243202209472656e+00
2.912651062011718750e+00
3.985373258590698242e+00
4.445113182067871094e+00
2.962770462036132812e+00
3.094785213470458984e+00
5.326661586761474609e+00
2.984853744506835938e+00
4.034286499023437500e+00
3.610664844512939453e+00
3.396354675292968750e+00
3.641323089599609375e+00
4.406369686126708984e+00
2.637650489807128906e+00
4.681777954101562500e+00
3.324760437011718750e+00
4.368935585021972656e+00
3.395186901092529297e+00
4.694532394409179688e+00
3.826583623886108398e+00
4.431282997131347656e+00
4.031046867370605469e+00
3.379632711410522461e+00
6.094779968261718750e+00
2.293396949768066406e+00
7.648869991302490234e+00
2.993979454040527344e+00
5.344455242156982422e+00
4.400411128997802734e+00
5.258465766906738281e+00
2.689481019973754883e+00
6.273017883300781250e+00
3.210662841796875000e+00
6.716314315795898438e+00
2.576569318771362305e+00
5.828530311584472656e+00
3.805705070495605469e+00
5.148994922637939453e+00
4.392109870910644531e+00
3.108152151107788086e+00
4.408444881439208984e+00
3.509516239166259766e+00
4.355709075927734375e+00
4.070724487304687500e+00
3.756510734558105469e+00
5.334180831909179688e+00
3.259052753448486328e+00
4.314272880554199219e+00
5.325921058654785156e+00
2.174826145172119141e+00
6.272284507751464844e+00
1.526787161827087402e+00
9.099397659301757812e+00
3.663585186004638672e+00
4.486356735229492188e+00
6.037628173828125000e+00
1.871217966079711914e+00
7.096184730529785156e+00
3.680476188659667969e+00
4.503271102905273438e+00
4.283372879028320312e+00
3.514213085174560547e+00
2.764307975769042969e+00
3.644901752471923828e+00
4.415591239929199219e+00
3.408720970153808594e+00
5.398009777069091797e+00
2.972350358963012695e+00
4.219932556152343750e+00
3.770585536956787109e+00
4.123094558715820312e+00
2.950966835021972656e+00
4.320458889007568359e+00
3.764101505279541016e+00
4.318771362304687500e+00
3.715722560882568359e+00
4.024348735809326172e+00
3.579418659210205078e+00
3.716604709625244141e+00
4.045939445495605469e+00
3.158689022064208984e+00
4.816231727600097656e+00
2.571649789810180664e+00
6.782260894775390625e+00
3.912296056747436523e+00
4.305994510650634766e+00
4.228194236755371094e+00
4.199957370758056641e+00
4.271050453186035156e+00
3.082173824310302734e+00
5.144091606140136719e+00
1.879786372184753418e+00
5.345155715942382812e+00
1.278882026672363281e+00
8.156543731689453125e+00
2.858111858367919922e+00
2.684187173843383789e+00
7.155375480651855469e+00
3.448518276214599609e+00
3.327726364135742188e+00
5.410225868225097656e+00
2.591779232025146484e+00
5.504122257232666016e+00
2.707570075988769531e+00
4.520769119262695312e+00
3.144582033157348633e+00
4.413573265075683594e+00
2.568591117858886719e+00
4.857533931732177734e+00
3.394047737121582031e+00
4.136666297912597656e+00
3.512114048004150391e+00
3.818047285079956055e+00
3.883704185485839844e+00
3.601845264434814453e+00
3.808548927307128906e+00
3.817909717559814453e+00
4.119856834411621094e+00
4.914403915405273438e+00
3.236460208892822266e+00
4.931994438171386719e+00
3.360885620117187500e+00
5.262936592102050781e+00
3.150247097015380859e+00
4.228292942047119141e+00
4.205219268798828125e+00
3.688481569290161133e+00
3.057352781295776367e+00
5.248943328857421875e+00
2.110958576202392578e+00
6.651564598083496094e+00
9.732793569564819336e-01
8.606060028076171875e+00
3.702384710311889648e+00
3.785626888275146484e+00
3.725597381591796875e+00
4.875436782836914062e+00
2.701392889022827148e+00
5.737778663635253906e+00
1.917648792266845703e+00
5.855850219726562500e+00
3.760160923004150391e+00
3.450011730194091797e+00
4.958678722381591797e+00
3.295836925506591797e+00
3.996774435043334961e+00
3.976082324981689453e+00
3.642004489898681641e+00
3.954118251800537109e+00
4.171877861022949219e+00
4.026824474334716797e+00
4.503994941711425781e+00
3.889534711837768555e+00
4.834179401397705078e+00
3.405742168426513672e+00
5.280981063842773438e+00
3.698040246963500977e+00
4.878279685974121094e+00
4.131880760192871094e+00
4.383086681365966797e+00
3.738928079605102539e+00
3.365054368972778320e+00
4.316337108612060547e+00
4.100947380065917969e+00
3.977028846740722656e+00
4.118281364440917969e+00
4.287963867187500000e+00
2.914467811584472656e+00
4.916426658630371094e+00
3.186779737472534180e+00
3.357620716094970703e+00
5.654709339141845703e+00
3.377558231353759766e+00
3.999091863632202148e+00
4.420302391052246094e+00
3.750916004180908203e+00
4.194674015045166016e+00
3.578420162200927734e+00
4.592695236206054688e+00
3.453780412673950195e+00
4.464866638183593750e+00
3.558500051498413086e+00
4.770116329193115234e+00
2.466735124588012695e+00
6.763463973999023438e+00
2.169645547866821289e+00
7.025145530700683594e+00
2.776419639587402344e+00
6.670977592468261719e+00
4.272966861724853516e+00
2.854921817779541016e+00
5.547413825988769531e+00
3.066428422927856445e+00
5.337596893310546875e+00
2.603368282318115234e+00
5.827301502227783203e+00
3.084298133850097656e+00
5.677511692047119141e+00
3.789233207702636719e+00
3.288089275360107422e+00
4.830451488494873047e+00
4.034388542175292969e+00
1.951958894729614258e+00
6.722701072692871094e+00
3.004483222961425781e+00
3.814290285110473633e+00
4.854272842407226562e+00
3.913853406906127930e+00
4.541558265686035156e+00
3.730974912643432617e+00
4.903477191925048828e+00
3.846189498901367188e+00
3.391957521438598633e+00
5.877712249755859375e+00
3.640398263931274414e+00
4.710885047912597656e+00
4.014644145965576172e+00
5.175043106079101562e+00
3.289781332015991211e+00
6.379625797271728516e+00
3.226782798767089844e+00
5.260053157806396484e+00
3.360217094421386719e+00
4.651051521301269531e+00
3.873030185699462891e+00
3.542596817016601562e+00
4.664967060089111328e+00
2.269248008728027344e+00
7.463992118835449219e+00
2.835468769073486328e+00
4.480993270874023438e+00
5.348718166351318359e+00
3.156190395355224609e+00
5.074772834777832031e+00
2.920836925506591797e+00
5.690043449401855469e+00
2.450351476669311523e+00
4.609034538269042969e+00
3.408832550048828125e+00
4.175527572631835938e+00
4.073273181915283203e+00
3.941718101501464844e+00
3.204051733016967773e+00
4.614758491516113281e+00
3.972135543823242188e+00
2.912894725799560547e+00
5.781241416931152344e+00
3.723514080047607422e+00
4.168396472930908203e+00
3.936858654022216797e+00
3.966918706893920898e+00
4.132290840148925781e+00
3.813067436218261719e+00
4.519819259643554688e+00
3.551245212554931641e+00
4.114578247070312500e+00
3.788950920104980469e+00
3.896208763122558594e+00
4.366557121276855469e+00
3.365847110748291016e+00
6.124547958374023438e+00
3.154776096343994141e+00
5.824533462524414062e+00
3.989345073699951172e+00
4.814867019653320312e+00
4.952045440673828125e+00
4.242005348205566406e+00
3.627416372299194336e+00
6.342464447021484375e+00
3.791248321533203125e+00
5.574880599975585938e+00
2.195135593414306641e+00
8.783270835876464844e+00
2.373740434646606445e+00
6.150799274444580078e+00
3.612729072570800781e+00
5.271311283111572266e+00
4.858238220214843750e+00
4.305518150329589844e+00
4.141920566558837891e+00
3.648478269577026367e+00
5.453928947448730469e+00
2.882221698760986328e+00
5.899123191833496094e+00
4.300796985626220703e+00
2.712594985961914062e+00
8.233617782592773438e+00
2.746404409408569336e+00
5.710470676422119141e+00
2.924909114837646484e+00
5.806758880615234375e+00
1.967735052108764648e+00
9.168485641479492188e+00
3.382415771484375000e+00
4.503251075744628906e+00
5.815377712249755859e+00
1.653239011764526367e+00
9.011574745178222656e+00
2.578507900238037109e+00
6.382271766662597656e+00
5.325894355773925781e+00
2.544621229171752930e+00
6.294133663177490234e+00
2.712662935256958008e+00
4.170454978942871094e+00
4.459033012390136719e+00
3.938319683074951172e+00
3.074970245361328125e+00
5.926511287689208984e+00
3.217616558074951172e+00
4.764326572418212891e+00
4.073781013488769531e+00
2.925091266632080078e+00
4.802486896514892578e+00
3.402375459671020508e+00
4.091413021087646484e+00
3.809446334838867188e+00
3.975070476531982422e+00
3.810901641845703125e+00
3.419189453125000000e+00
4.815939426422119141e+00
4.061303615570068359e+00
2.814677715301513672e+00
5.900287628173828125e+00
3.763258218765258789e+00
3.627346992492675781e+00
4.742177486419677734e+00
3.452823638916015625e+00
4.069317817687988281e+00
4.403666496276855469e+00
3.499788522720336914e+00
4.033159255981445312e+00
4.209583282470703125e+00
3.291917800903320312e+00
4.682414054870605469e+00
3.833501815795898438e+00
3.588950872421264648e+00
3.965464830398559570e+00
3.857851982116699219e+00
3.588548660278320312e+00
4.309357643127441406e+00
2.598956108093261719e+00
5.650770664215087891e+00
2.530907630920410156e+00
5.900052070617675781e+00
4.492583751678466797e+00
2.784701824188232422e+00
4.945200920104980469e+00
3.192176818847656250e+00
4.460213661193847656e+00
3.577629327774047852e+00
5.125095844268798828e+00
4.907515525817871094e+00
3.093976497650146484e+00
5.417635917663574219e+00
2.871272325515747070e+00
6.699008941650390625e+00
1.856865882873535156e+00
8.180768966674804688e+00
4.719615936279296875e+00
3.718917369842529297e+00
6.262994289398193359e+00
4.522162437438964844e+00
4.182518005371093750e+00
5.869263172149658203e+00
2.616675376892089844e+00
4.942165851593017578e+00
3.781885623931884766e+00
4.031013488769531250e+00
4.113495826721191406e+00
3.365108489990234375e+00
4.608986854553222656e+00
3.372910022735595703e+00
5.266615867614746094e+00
4.310406684875488281e+00
4.032293796539306641e+00
3.852713108062744141e+00
4.604750633239746094e+00
4.917898654937744141e+00
4.462707519531250000e+00
3.714471340179443359e+00
5.954430580139160156e+00
2.471274375915527344e+00
6.954985141754150391e+00
3.584639549255371094e+00
4.850849151611328125e+00
4.112991809844970703e+00
3.990647792816162109e+00
3.552410602569580078e+00
5.036145687103271484e+00
3.879163265228271484e+00
3.477610111236572266e+00
5.050556182861328125e+00
2.787707328796386719e+00
6.096761703491210938e+00
3.997449874877929688e+00
3.651011943817138672e+00
4.793171405792236328e+00
3.316052913665771484e+00
4.574402809143066406e+00
3.702896118164062500e+00
3.571978330612182617e+00
4.723818778991699219e+00
2.572611808776855469e+00
6.102372169494628906e+00
2.088120460510253906e+00
7.003260612487792969e+00
1.405705451965332031e+00
7.563434600830078125e+00
9.243223071098327637e-01
7.404994964599609375e+00
2.184562683105468750e+00
5.864791393280029297e+00
3.743940591812133789e+00
6.343123912811279297e+00
2.107646465301513672e+00
7.204313278198242188e+00
1.875128626823425293e+00
7.380316734313964844e+00
1.266359090805053711e+00
7.067189216613769531e+00
2.783557415008544922e+00
5.329536437988281250e+00
3.459839820861816406e+00
3.918795824050903320e+00
4.047275543212890625e+00
2.669877529144287109e+00
5.974905490875244141e+00
3.896737575531005859e+00
3.893596887588500977e+00
4.178185939788818359e+00
3.759776115417480469e+00
4.293260574340820312e+00
2.980694770812988281e+00
4.975982666015625000e+00
2.984888553619384766e+00
4.090527057647705078e+00
3.567095279693603516e+00
4.505466461181640625e+00
2.756103754043579102e+00
5.054608345031738281e+00
3.924893140792846680e+00
3.064009428024291992e+00
4.835803985595703125e+00
3.438216209411621094e+00
4.124785423278808594e+00
3.646461009979248047e+00
4.111989974975585938e+00
3.824594020843505859e+00
3.228414058685302734e+00
5.700226306915283203e+00
2.886663198471069336e+00
4.768695354461669922e+00
4.035433769226074219e+00
3.863813400268554688e+00
4.418203353881835938e+00
3.899079322814941406e+00
3.728248119354248047e+00
3.555485248565673828e+00
4.888215065002441406e+00
2.954630374908447266e+00
3.817895174026489258e+00
4.983868598937988281e+00
3.964822769165039062e+00
2.627656459808349609e+00
4.847672939300537109e+00
3.609522342681884766e+00
3.726942300796508789e+00
3.519056797027587891e+00
4.220883369445800781e+00
2.997287273406982422e+00
4.659923553466796875e+00
2.854909658432006836e+00
4.296271324157714844e+00
3.526137113571166992e+00
3.779933929443359375e+00
3.475019454956054688e+00
4.368170738220214844e+00
3.207312345504760742e+00
3.635510921478271484e+00
4.434992313385009766e+00
3.065415859222412109e+00
4.301499366760253906e+00
3.198009490966796875e+00
5.100112915039062500e+00
2.535826206207275391e+00
5.478116989135742188e+00
3.924117088317871094e+00
4.351775169372558594e+00
3.512743473052978516e+00
4.176869869232177734e+00
4.030100822448730469e+00
3.774973869323730469e+00
3.718470573425292969e+00
4.296633720397949219e+00
3.452601194381713867e+00
4.841948509216308594e+00
4.014915466308593750e+00
3.706399440765380859e+00
6.271980285644531250e+00
2.545775890350341797e+00
5.383849620819091797e+00
3.098968029022216797e+00
5.750839710235595703e+00
3.446143150329589844e+00
4.807433605194091797e+00
3.874215364456176758e+00
4.053768157958984375e+00
3.696351528167724609e+00
4.630859375000000000e+00
3.025401592254638672e+00
6.112052917480468750e+00
3.829195022583007812e+00
4.551122188568115234e+00
4.198106765747070312e+00
3.969744682312011719e+00
4.021762847900390625e+00
3.454395294189453125e+00
4.713380813598632812e+00
2.898166894912719727e+00
6.400420665740966797e+00
3.710958242416381836e+00
4.169165611267089844e+00
6.036273002624511719e+00
3.575999736785888672e+00
4.864740371704101562e+00
4.968729496002197266e+00
4.132234096527099609e+00
4.560848712921142578e+00
3.894950866699218750e+00
4.624269008636474609e+00
3.345089435577392578e+00
5.511787414550781250e+00
4.460008621215820312e+00
3.559955358505249023e+00
5.873055458068847656e+00
2.766043186187744141e+00
5.460136890411376953e+00
4.664138555526733398e-01
8.793582916259765625e+00
3.520772457122802734e+00
5.041766166687011719e+00
4.650180339813232422e+00
3.172743797302246094e+00
6.036443710327148438e+00
1.250675469636917114e-01
7.016504287719726562e+00
1.183867216110229492e+00
4.253622531890869141e+00
3.050821781158447266e+00
2.945290088653564453e+00
4.063349246978759766e+00
2.569548606872558594e+00
4.238726615905761719e+00
2.187202453613281250e+00
5.383795261383056641e+00
2.188422203063964844e+00
4.775059223175048828e+00
3.735914945602416992e+00
3.701269626617431641e+00
4.276663780212402344e+00
3.243078947067260742e+00
4.120376586914062500e+00
3.808101654052734375e+00
4.372363567352294922e+00
3.094597816467285156e+00
5.541119575500488281e+00
3.243012905120849609e+00
4.504848480224609375e+00
4.492044448852539062e+00
4.321740150451660156e+00
4.513569355010986328e+00
4.620770931243896484e+00
2.697696685791015625e+00
5.886706829071044922e+00
3.898364782333374023e+00
3.539578437805175781e+00
5.353130340576171875e+00
3.435976505279541016e+00
4.867583274841308594e+00
4.351744174957275391e+00
3.482545375823974609e+00
4.266430854797363281e+00
4.300371170043945312e+00
3.782373905181884766e+00
5.341185569763183594e+00
