Accuracy: 0.8583

Classification Report:
              precision    recall  f1-score   support

        down       0.64      0.70      0.67       253
          go       0.76      0.58      0.66       251
        left       0.81      0.61      0.69       267
          no       0.70      0.73      0.72       252
         off       0.91      0.52      0.66       262
          on       0.76      0.88      0.82       246
       right       0.90      0.54      0.67       259
     silence       0.88      0.85      0.86        41
        stop       0.96      0.90      0.93       249
          up       0.74      0.65      0.70       272
         yes       0.97      0.75      0.85       256
     unknown       0.88      0.96      0.92      4268

    accuracy                           0.86      6876
   macro avg       0.83      0.72      0.76      6876
weighted avg       0.86      0.86      0.85      6876


Confusion Matrix:
178 13 1 15 0 0 0 1 2 1 0 42
46 146 1 12 0 0 0 1 0 3 0 42
0 0 162 13 0 0 4 0 1 2 3 82
2 2 2 184 1 1 0 0 0 0 0 60
1 1 0 1 136 37 0 0 1 44 1 40
1 0 0 0 1 216 0 0 0 2 0 26
0 0 2 4 0 0 139 0 0 0 1 113
0 0 1 0 0 0 0 35 1 0 0 4
1 1 0 2 0 1 0 0 224 2 0 18
0 3 0 0 4 3 0 1 2 178 0 81
1 0 27 6 2 0 0 0 0 0 192 28
47 25 4 24 6 26 12 2 2 8 0 4112


Normalized Confusion Matrix (%):
70.4 5.1 0.4 5.9 0.0 0.0 0.0 0.4 0.8 0.4 0.0 16.6
18.3 58.2 0.4 4.8 0.0 0.0 0.0 0.4 0.0 1.2 0.0 16.7
0.0 0.0 60.7 4.9 0.0 0.0 1.5 0.0 0.4 0.7 1.1 30.7
0.8 0.8 0.8 73.0 0.4 0.4 0.0 0.0 0.0 0.0 0.0 23.8
0.4 0.4 0.0 0.4 51.9 14.1 0.0 0.0 0.4 16.8 0.4 15.3
0.4 0.0 0.0 0.0 0.4 87.8 0.0 0.0 0.0 0.8 0.0 10.6
0.0 0.0 0.8 1.5 0.0 0.0 53.7 0.0 0.0 0.0 0.4 43.6
0.0 0.0 2.4 0.0 0.0 0.0 0.0 85.4 2.4 0.0 0.0 9.8
0.4 0.4 0.0 0.8 0.0 0.4 0.0 0.0 90.0 0.8 0.0 7.2
0.0 1.1 0.0 0.0 1.5 1.1 0.0 0.4 0.7 65.4 0.0 29.8
0.4 0.0 10.5 2.3 0.8 0.0 0.0 0.0 0.0 0.0 75.0 10.9
1.1 0.6 0.1 0.6 0.1 0.6 0.3 0.0 0.0 0.2 0.0 96.3
