Accuracy: 0.9578

Classification Report:
              precision    recall  f1-score   support

        down       0.92      0.90      0.91       253
          go       0.86      0.91      0.89       251
        left       0.98      0.91      0.94       267
          no       0.93      0.90      0.91       252
         off       0.95      0.90      0.92       262
          on       0.96      0.93      0.94       246
       right       0.97      0.88      0.92       259
     silence       0.86      0.93      0.89        41
        stop       0.98      0.98      0.98       249
          up       0.93      0.93      0.93       272
         yes       0.96      0.94      0.95       256
     unknown       0.97      0.98      0.97      4268

    accuracy                           0.96      6876
   macro avg       0.94      0.92      0.93      6876
weighted avg       0.96      0.96      0.96      6876


Confusion Matrix:
228 9 0 3 0 0 0 1 1 0 0 11
6 228 0 1 0 0 0 1 0 0 0 15
0 0 244 2 0 0 0 1 0 1 4 15
2 3 1 227 0 0 1 0 0 1 0 17
0 0 1 0 236 5 0 0 0 7 0 13
1 0 0 0 3 229 0 0 0 2 0 11
0 0 0 1 0 0 228 0 0 0 2 28
0 0 0 0 0 0 0 38 0 0 0 3
0 0 0 0 0 1 0 0 244 1 0 3
0 1 1 0 5 0 0 0 0 253 0 12
0 0 0 0 0 0 0 0 0 0 241 15
11 23 3 11 5 4 5 3 3 7 3 4190


Normalized Confusion Matrix (%):
90.1 3.6 0.0 1.2 0.0 0.0 0.0 0.4 0.4 0.0 0.0 4.3
2.4 90.8 0.0 0.4 0.0 0.0 0.0 0.4 0.0 0.0 0.0 6.0
0.0 0.0 91.4 0.7 0.0 0.0 0.0 0.4 0.0 0.4 1.5 5.6
0.8 1.2 0.4 90.1 0.0 0.0 0.4 0.0 0.0 0.4 0.0 6.7
0.0 0.0 0.4 0.0 90.1 1.9 0.0 0.0 0.0 2.7 0.0 5.0
0.4 0.0 0.0 0.0 1.2 93.1 0.0 0.0 0.0 0.8 0.0 4.5
0.0 0.0 0.0 0.4 0.0 0.0 88.0 0.0 0.0 0.0 0.8 10.8
0.0 0.0 0.0 0.0 0.0 0.0 0.0 92.7 0.0 0.0 0.0 7.3
0.0 0.0 0.0 0.0 0.0 0.4 0.0 0.0 98.0 0.4 0.0 1.2
0.0 0.4 0.4 0.0 1.8 0.0 0.0 0.0 0.0 93.0 0.0 4.4
0.0 0.0 0.0 0.0 0.0 0.0 0.0 0.0 0.0 0.0 94.1 5.9
0.3 0.5 0.1 0.3 0.1 0.1 0.1 0.1 0.1 0.2 0.1 98.2
