Accuracy: 0.9264

Classification Report:
              precision    recall  f1-score   support

        down       0.92      0.77      0.84       253
          go       0.78      0.84      0.81       251
        left       0.93      0.85      0.89       267
          no       0.83      0.76      0.79       252
         off       0.93      0.86      0.89       262
          on       0.93      0.87      0.89       246
       right       0.93      0.83      0.87       259
     silence       0.72      0.93      0.81        41
        stop       0.97      0.96      0.97       249
          up       0.90      0.86      0.88       272
         yes       0.97      0.86      0.91       256
     unknown       0.94      0.98      0.96      4268

    accuracy                           0.93      6876
   macro avg       0.90      0.86      0.88      6876
weighted avg       0.93      0.93      0.93      6876


Confusion Matrix:
195 16 0 4 0 0 0 0 0 0 0 38
3 212 0 7 1 0 0 1 0 1 0 26
0 1 227 9 2 0 1 2 0 1 5 19
2 16 1 191 0 0 0 1 0 1 2 38
0 0 1 0 225 7 0 0 0 13 0 16
0 1 0 0 4 213 0 0 0 1 0 27
0 0 0 0 0 0 214 1 0 0 0 44
0 0 0 0 0 0 0 38 0 0 0 3
0 1 0 0 0 0 0 1 239 0 0 8
0 1 0 0 6 2 0 1 4 233 0 25
0 1 8 4 0 0 0 0 0 0 219 24
13 22 7 15 3 8 16 8 3 9 0 4164


Normalized Confusion Matrix (%):
77.1 6.3 0.0 1.6 0.0 0.0 0.0 0.0 0.0 0.0 0.0 15.0
1.2 84.5 0.0 2.8 0.4 0.0 0.0 0.4 0.0 0.4 0.0 10.4
0.0 0.4 85.0 3.4 0.7 0.0 0.4 0.7 0.0 0.4 1.9 7.1
0.8 6.3 0.4 75.8 0.0 0.0 0.0 0.4 0.0 0.4 0.8 15.1
0.0 0.0 0.4 0.0 85.9 2.7 0.0 0.0 0.0 5.0 0.0 6.1
0.0 0.4 0.0 0.0 1.6 86.6 0.0 0.0 0.0 0.4 0.0 11.0
0.0 0.0 0.0 0.0 0.0 0.0 82.6 0.4 0.0 0.0 0.0 17.0
0.0 0.0 0.0 0.0 0.0 0.0 0.0 92.7 0.0 0.0 0.0 7.3
0.0 0.4 0.0 0.0 0.0 0.0 0.0 0.4 96.0 0.0 0.0 3.2
0.0 0.4 0.0 0.0 2.2 0.7 0.0 0.4 1.5 85.7 0.0 9.2
0.0 0.4 3.1 1.6 0.0 0.0 0.0 0.0 0.0 0.0 85.5 9.4
0.3 0.5 0.2 0.4 0.1 0.2 0.4 0.2 0.1 0.2 0.0 97.6
