Accuracy: 0.9583

Classification Report:
              precision    recall  f1-score   support

        down       0.95      0.89      0.92       253
          go       0.88      0.89      0.88       251
        left       0.96      0.94      0.95       267
          no       0.93      0.88      0.91       252
         off       0.97      0.88      0.92       262
          on       0.94      0.94      0.94       246
       right       0.93      0.89      0.91       259
     silence       0.90      0.88      0.89        41
        stop       0.98      0.99      0.98       249
          up       0.93      0.94      0.93       272
         yes       0.99      0.93      0.96       256
     unknown       0.97      0.98      0.97      4268

    accuracy                           0.96      6876
   macro avg       0.94      0.92      0.93      6876
weighted avg       0.96      0.96      0.96      6876


Confusion Matrix:
226 8 1 4 0 0 0 1 1 0 0 12
4 224 0 3 0 0 0 1 1 1 1 16
0 0 252 0 0 0 4 0 0 1 1 9
1 2 0 223 0 0 2 0 0 2 0 22
0 1 1 0 231 8 0 0 0 8 0 13
0 0 0 0 2 231 0 0 0 0 0 13
0 0 0 0 0 0 231 0 0 0 0 28
0 0 0 0 0 0 0 36 1 0 0 4
0 0 0 0 0 1 0 0 246 0 0 2
0 1 1 0 2 0 1 0 2 255 0 10
0 0 3 0 0 0 0 0 0 0 238 15
8 20 4 9 4 6 10 2 1 7 1 4196


Normalized Confusion Matrix (%):
89.3 3.2 0.4 1.6 0.0 0.0 0.0 0.4 0.4 0.0 0.0 4.7
1.6 89.2 0.0 1.2 0.0 0.0 0.0 0.4 0.4 0.4 0.4 6.4
0.0 0.0 94.4 0.0 0.0 0.0 1.5 0.0 0.0 0.4 0.4 3.4
0.4 0.8 0.0 88.5 0.0 0.0 0.8 0.0 0.0 0.8 0.0 8.7
0.0 0.4 0.4 0.0 88.2 3.1 0.0 0.0 0.0 3.1 0.0 5.0
0.0 0.0 0.0 0.0 0.8 93.9 0.0 0.0 0.0 0.0 0.0 5.3
0.0 0.0 0.0 0.0 0.0 0.0 89.2 0.0 0.0 0.0 0.0 10.8
0.0 0.0 0.0 0.0 0.0 0.0 0.0 87.8 2.4 0.0 0.0 9.8
0.0 0.0 0.0 0.0 0.0 0.4 0.0 0.0 98.8 0.0 0.0 0.8
0.0 0.4 0.4 0.0 0.7 0.0 0.4 0.0 0.7 93.8 0.0 3.7
0.0 0.0 1.2 0.0 0.0 0.0 0.0 0.0 0.0 0.0 93.0 5.9
0.2 0.5 0.1 0.2 0.1 0.1 0.2 0.0 0.0 0.2 0.0 98.3
