Accuracy: 0.8876

Classification Report:
              precision    recall  f1-score   support

        down       0.80      0.68      0.74       253
          go       0.74      0.58      0.65       251
        left       0.82      0.77      0.79       267
          no       0.80      0.61      0.69       252
         off       0.87      0.79      0.83       262
          on       0.85      0.86      0.86       246
       right       0.86      0.80      0.83       259
     silence       0.94      0.83      0.88        41
        stop       0.78      0.94      0.86       249
          up       0.84      0.85      0.84       272
         yes       0.83      0.90      0.87       256
     unknown       0.92      0.95      0.94      4268

    accuracy                           0.89      6876
   macro avg       0.84      0.80      0.81      6876
weighted avg       0.89      0.89      0.88      6876


Confusion Matrix:
173 13 1 3 0 3 0 1 0 1 3 55
22 145 5 10 1 1 0 0 25 0 0 42
0 0 206 3 2 0 0 0 3 0 22 31
4 6 8 154 0 0 0 0 3 1 15 61
0 0 0 0 207 10 0 0 1 18 0 26
0 0 0 0 4 212 0 0 0 5 0 25
0 0 2 0 0 0 208 0 0 0 0 49
0 0 0 0 0 0 0 34 1 0 0 6
0 2 0 0 2 0 0 0 235 5 0 5
0 0 0 0 16 0 1 0 8 230 0 17
0 0 6 1 0 0 0 0 0 0 231 18
17 29 24 22 6 23 32 1 24 15 7 4068


Normalized Confusion Matrix (%):
68.4 5.1 0.4 1.2 0.0 1.2 0.0 0.4 0.0 0.4 1.2 21.7
8.8 57.8 2.0 4.0 0.4 0.4 0.0 0.0 10.0 0.0 0.0 16.7
0.0 0.0 77.2 1.1 0.7 0.0 0.0 0.0 1.1 0.0 8.2 11.6
1.6 2.4 3.2 61.1 0.0 0.0 0.0 0.0 1.2 0.4 6.0 24.2
0.0 0.0 0.0 0.0 79.0 3.8 0.0 0.0 0.4 6.9 0.0 9.9
0.0 0.0 0.0 0.0 1.6 86.2 0.0 0.0 0.0 2.0 0.0 10.2
0.0 0.0 0.8 0.0 0.0 0.0 80.3 0.0 0.0 0.0 0.0 18.9
0.0 0.0 0.0 0.0 0.0 0.0 0.0 82.9 2.4 0.0 0.0 14.6
0.0 0.8 0.0 0.0 0.8 0.0 0.0 0.0 94.4 2.0 0.0 2.0
0.0 0.0 0.0 0.0 5.9 0.0 0.4 0.0 2.9 84.6 0.0 6.2
0.0 0.0 2.3 0.4 0.0 0.0 0.0 0.0 0.0 0.0 90.2 7.0
0.4 0.7 0.6 0.5 0.1 0.5 0.7 0.0 0.6 0.4 0.2 95.3
