Accuracy: 0.8675

Classification Report:
              precision    recall  f1-score   support

        down       0.79      0.61      0.69       253
          go       0.68      0.51      0.58       251
        left       0.94      0.70      0.80       267
          no       0.81      0.67      0.73       252
         off       0.92      0.63      0.74       262
          on       0.89      0.72      0.79       246
       right       0.92      0.69      0.79       259
     silence       0.96      0.66      0.78        41
        stop       0.98      0.80      0.88       249
          up       0.89      0.67      0.77       272
         yes       0.88      0.89      0.88       256
     unknown       0.87      0.98      0.92      4268

    accuracy                           0.87      6876
   macro avg       0.88      0.71      0.78      6876
weighted avg       0.87      0.87      0.86      6876


Confusion Matrix:
155 21 0 8 0 0 0 0 0 0 1 68
14 129 0 3 0 0 0 0 0 0 2 103
0 0 188 5 1 0 5 0 0 0 18 50
0 14 1 169 0 0 0 0 0 1 3 64
0 0 2 0 164 18 0 0 0 13 0 65
0 0 0 0 1 176 0 0 0 4 0 65
0 0 0 0 0 0 178 0 0 0 0 81
0 0 0 0 0 0 0 27 0 0 0 14
1 5 0 0 0 0 0 0 198 2 0 43
0 0 2 0 12 3 0 0 2 183 0 70
0 0 5 2 0 0 0 0 0 0 227 22
26 22 3 22 1 1 10 1 3 2 6 4171


Normalized Confusion Matrix (%):
61.3 8.3 0.0 3.2 0.0 0.0 0.0 0.0 0.0 0.0 0.4 26.9
5.6 51.4 0.0 1.2 0.0 0.0 0.0 0.0 0.0 0.0 0.8 41.0
0.0 0.0 70.4 1.9 0.4 0.0 1.9 0.0 0.0 0.0 6.7 18.7
0.0 5.6 0.4 67.1 0.0 0.0 0.0 0.0 0.0 0.4 1.2 25.4
0.0 0.0 0.8 0.0 62.6 6.9 0.0 0.0 0.0 5.0 0.0 24.8
0.0 0.0 0.0 0.0 0.4 71.5 0.0 0.0 0.0 1.6 0.0 26.4
0.0 0.0 0.0 0.0 0.0 0.0 68.7 0.0 0.0 0.0 0.0 31.3
0.0 0.0 0.0 0.0 0.0 0.0 0.0 65.9 0.0 0.0 0.0 34.1
0.4 2.0 0.0 0.0 0.0 0.0 0.0 0.0 79.5 0.8 0.0 17.3
0.0 0.0 0.7 0.0 4.4 1.1 0.0 0.0 0.7 67.3 0.0 25.7
0.0 0.0 2.0 0.8 0.0 0.0 0.0 0.0 0.0 0.0 88.7 8.6
0.6 0.5 0.1 0.5 0.0 0.0 0.2 0.0 0.1 0.0 0.1 97.7
