Accuracy: 0.9087

Classification Report:
              precision    recall  f1-score   support

        down       0.87      0.77      0.82       253
          go       0.77      0.69      0.73       251
        left       0.91      0.75      0.82       267
          no       0.83      0.74      0.78       252
         off       0.86      0.84      0.85       262
          on       0.87      0.87      0.87       246
       right       0.85      0.79      0.82       259
     silence       0.86      0.93      0.89        41
        stop       0.95      0.93      0.94       249
          up       0.88      0.83      0.86       272
         yes       0.87      0.87      0.87       256
     unknown       0.93      0.97      0.95      4268

    accuracy                           0.91      6876
   macro avg       0.87      0.83      0.85      6876
weighted avg       0.91      0.91      0.91      6876


Confusion Matrix:
194 15 0 11 0 0 0 1 0 0 1 31
10 173 0 7 1 0 0 1 2 1 0 56
0 0 201 4 3 0 2 1 0 5 27 24
2 14 1 186 0 0 1 0 0 2 2 44
0 0 1 0 220 12 0 0 0 10 0 19
0 0 0 0 11 215 0 0 0 1 0 19
0 0 2 0 1 0 204 0 0 1 0 51
0 0 0 0 0 0 0 38 0 0 0 3
0 3 0 0 0 0 0 0 232 5 0 9
0 0 0 0 13 2 0 0 6 226 0 25
0 2 9 1 0 0 0 0 0 0 222 22
16 19 7 15 8 17 34 3 5 5 2 4137


Normalized Confusion Matrix (%):
76.7 5.9 0.0 4.3 0.0 0.0 0.0 0.4 0.0 0.0 0.4 12.3
4.0 68.9 0.0 2.8 0.4 0.0 0.0 0.4 0.8 0.4 0.0 22.3
0.0 0.0 75.3 1.5 1.1 0.0 0.7 0.4 0.0 1.9 10.1 9.0
0.8 5.6 0.4 73.8 0.0 0.0 0.4 0.0 0.0 0.8 0.8 17.5
0.0 0.0 0.4 0.0 84.0 4.6 0.0 0.0 0.0 3.8 0.0 7.3
0.0 0.0 0.0 0.0 4.5 87.4 0.0 0.0 0.0 0.4 0.0 7.7
0.0 0.0 0.8 0.0 0.4 0.0 78.8 0.0 0.0 0.4 0.0 19.7
0.0 0.0 0.0 0.0 0.0 0.0 0.0 92.7 0.0 0.0 0.0 7.3
0.0 1.2 0.0 0.0 0.0 0.0 0.0 0.0 93.2 2.0 0.0 3.6
0.0 0.0 0.0 0.0 4.8 0.7 0.0 0.0 2.2 83.1 0.0 9.2
0.0 0.8 3.5 0.4 0.0 0.0 0.0 0.0 0.0 0.0 86.7 8.6
0.4 0.4 0.2 0.4 0.2 0.4 0.8 0.1 0.1 0.1 0.0 96.9
