4.362663924694061279e-01
7.042418718338012695e-01
4.656022191047668457e-01
2.296027988195419312e-01
4.208076298236846924e-01
3.284158706665039062e-01
2.769046425819396973e-01
2.801863849163055420e-01
3.715791106224060059e-01
1.215250045061111450e-01
4.062889218330383301e-01
9.019647538661956787e-02
3.234639763832092285e-01
1.115718483924865723e-01
3.587706089019775391e-01
3.410145640373229980e-02
5.314738750457763672e-01
4.048987757414579391e-03
3.809386491775512695e-02
8.015953898429870605e-01
8.078232349362224340e-05
1.237945543834939599e-04
1.001208871603012085e-01
9.347289800643920898e-01
1.605539182492066175e-05
9.988211786549072713e-06
4.513713996857404709e-03
8.466441631317138672e-01
2.483338357706088573e-05
9.584971849108114839e-06
1.852708868682384491e-03
6.761062741279602051e-01
9.046333434525877237e-05
1.205359731102362275e-04
3.442813456058502197e-02
8.874735832214355469e-01
9.934019544743932784e-07
1.736541008767744643e-07
1.567336221341975033e-05
2.580030448734760284e-02
8.551538586616516113e-01
5.267873461889394093e-07
3.141880711154954042e-08
1.184972120427119080e-06
4.568751901388168335e-04
2.578876912593841553e-01
1.697003468871116638e-02
6.999678909778594971e-02
1.874039471149444580e-01
8.449331857264041901e-03
6.038553267717361450e-02
2.854741811752319336e-01
1.415550214005634189e-04
3.535540890879929066e-04
4.654961451888084412e-02
6.714330315589904785e-01
6.885921610688683359e-09
2.475268601198621354e-10
8.403301166026722058e-09
8.393599273404106498e-06
1.840868405997753143e-02
8.585865497589111328e-01
1.219720546785652004e-09
4.229084096807333992e-12
5.100242277122912782e-12
5.034749700483232004e-11
6.773663407955154980e-09
5.590690307144541293e-06
1.530213095247745514e-02
8.779521584510803223e-01
9.209942142263116693e-09
6.824241727265700774e-10
7.110812560995327658e-08
1.796137257770169526e-05
3.722810000181198120e-02
9.395067691802978516e-01
1.983608228783850791e-07
2.817090773987729335e-07
3.971295427618315443e-06
9.197348263114690781e-04
1.788928657770156860e-01
2.246311306953430176e-01
1.754095777869224548e-02
6.111266463994979858e-02
2.992098927497863770e-01
2.519571036100387573e-02
6.159309297800064087e-02
4.728325009346008301e-01
9.625863283872604370e-03
1.174859777092933655e-01
5.853124856948852539e-01
3.424719441682100296e-03
8.154898881912231445e-02
7.008539438247680664e-01
1.248107408173382282e-03
5.008354410529136658e-02
5.170909166336059570e-01
1.824208535254001617e-02
1.208292096853256226e-01
4.131553173065185547e-01
3.073183260858058929e-02
1.702380478382110596e-01
3.231993317604064941e-01
6.864140182733535767e-02
6.980143785476684570e-01
3.310199128463864326e-03
5.236935243010520935e-02
6.174687147140502930e-01
2.075202018022537231e-02
4.268832877278327942e-02
2.662812173366546631e-01
2.245038002729415894e-01
1.134698390960693359e-01
1.083277165889739990e-01
2.444542348384857178e-01
1.172961592674255371e-01
2.570142745971679688e-01
8.473770320415496826e-02
1.673707067966461182e-01
3.872466683387756348e-01
2.299319952726364136e-02
4.793517589569091797e-01
3.706221282482147217e-02
2.629633247852325439e-01
1.607656180858612061e-01
2.326597869396209717e-01
2.376353293657302856e-01
1.233670711517333984e-01
2.028633952140808105e-01
1.829346418380737305e-01
2.536595165729522705e-01
1.304660290479660034e-01
6.861163377761840820e-01
2.534105209633708000e-03
1.117201671004295349e-01
6.138007640838623047e-01
5.372680723667144775e-02
1.949844956398010254e-01
2.700617015361785889e-01
1.957327127456665039e-01
1.277365535497665405e-01
1.554825454950332642e-01
1.778256893157958984e-01
2.582562267780303955e-01
1.839298009872436523e-01
1.559996008872985840e-01
3.631922304630279541e-01
5.897092819213867188e-02
5.769613981246948242e-01
3.052461147308349609e-02
3.263632655143737793e-01
2.882943749427795410e-01
8.688158541917800903e-02
2.977640926837921143e-01
1.413691639900207520e-01
2.236112058162689209e-01
1.992658972740173340e-01
7.700167596340179443e-02
2.655597031116485596e-01
7.472676038742065430e-02
4.323859810829162598e-01
2.149878069758415222e-02
2.640306949615478516e-01
1.822616457939147949e-01
1.149213388562202454e-01
2.271207720041275024e-01
1.327444463968276978e-01
3.152527809143066406e-01
4.148385301232337952e-02
2.181217223405838013e-01
1.038074642419815063e-01
1.503051668405532837e-01
2.472043037414550781e-01
4.414812475442886353e-02
2.822999358177185059e-01
1.203054338693618774e-01
1.336905509233474731e-01
1.416870355606079102e-01
2.310172319412231445e-01
3.465751558542251587e-02
6.867817044258117676e-02
2.206983864307403564e-01
8.489843457937240601e-02
1.407416611909866333e-01
1.718834340572357178e-01
9.795601665973663330e-02
2.440302222967147827e-01
3.152399137616157532e-02
1.315337419509887695e-01
1.398663967847824097e-01
9.370308369398117065e-02
1.428363919258117676e-01
1.366879045963287354e-01
9.595682471990585327e-02
3.747559785842895508e-01
2.613754011690616608e-03
6.683216989040374756e-02
5.665951371192932129e-01
9.925101767294108868e-05
2.239532535895705223e-03
2.669087946414947510e-01
2.828485369682312012e-01
1.417250931262969971e-02
2.796259224414825439e-01
2.930329181253910065e-02
2.397584915161132812e-01
3.886417299509048462e-02
3.904203772544860840e-01
5.163301248103380203e-03
2.241188734769821167e-01
1.623941957950592041e-01
9.035376459360122681e-02
1.554922908544540405e-01
8.802367746829986572e-02
1.939282864332199097e-01
4.418568313121795654e-02
1.950438171625137329e-01
5.830135941505432129e-02
2.647782266139984131e-01
3.512184321880340576e-02
6.007442250847816467e-02
2.921326756477355957e-01
1.406041905283927917e-02
6.140137463808059692e-02
3.602350652217864990e-01
3.460057778283953667e-03
5.163650214672088623e-02
4.835577607154846191e-01
2.589786425232887268e-02
2.150111794471740723e-01
3.537084907293319702e-02
3.804611563682556152e-01
1.616009324789047241e-02
2.554193437099456787e-01
9.684120863676071167e-02
1.388632357120513916e-01
9.955456852912902832e-02
2.378808856010437012e-01
1.666787825524806976e-02
1.128018498420715332e-01
2.755741775035858154e-01
9.622821584343910217e-03
5.134291946887969971e-02
3.185126185417175293e-01
4.261391609907150269e-02
1.169766336679458618e-01
1.915736198425292969e-01
6.019417941570281982e-02
6.605369597673416138e-02
1.290768086910247803e-01
5.678860843181610107e-02
6.083554401993751526e-02
6.368765234947204590e-02
6.774717569351196289e-02
8.861662447452545166e-02
7.598455250263214111e-02
6.340655684471130371e-02
9.955281019210815430e-02
1.172229722142219543e-01
7.265302538871765137e-02
9.213329851627349854e-02
1.451774686574935913e-01
1.354681700468063354e-01
3.699497133493423462e-02
1.723027974367141724e-01
6.052217632532119751e-02
1.149940341711044312e-01
4.164354503154754639e-01
1.164954993873834610e-02
4.813716113567352295e-01
9.809806942939758301e-03
4.922159016132354736e-02
2.050887942314147949e-01
2.405598759651184082e-01
6.345057487487792969e-02
1.342040896415710449e-01
2.519174218177795410e-01
1.132264807820320129e-01
1.841549575328826904e-01
1.109327971935272217e-01
2.949258089065551758e-01
1.882361993193626404e-02
2.054991722106933594e-01
1.824860572814941406e-01
1.388912796974182129e-01
2.463048100471496582e-01
1.819244921207427979e-01
1.449766904115676880e-01
1.566396653652191162e-01
1.007876843214035034e-01
4.086795449256896973e-01
9.960985742509365082e-03
7.775019407272338867e-01
8.941143751144409180e-03
2.269928306341171265e-01
3.548374474048614502e-01
5.169416218996047974e-02
3.004455566406250000e-01
1.677437275648117065e-01
2.027803957462310791e-01
2.240266501903533936e-01
1.572254747152328491e-01
3.285852372646331787e-01
1.420256793498992920e-01
4.741702675819396973e-01
3.689226508140563965e-02
6.677392125129699707e-01
1.975073292851448059e-02
1.666447520256042480e-01
5.697486400604248047e-01
4.722029343247413635e-02
2.110347896814346313e-01
1.895241439342498779e-01
3.844397068023681641e-01
1.165411621332168579e-01
4.899226427078247070e-01
1.296648085117340088e-01
2.125820368528366089e-01
4.296970367431640625e-01
6.338928639888763428e-02
2.334095239639282227e-01
2.627777457237243652e-01
3.472774624824523926e-01
1.295294910669326782e-01
6.310368180274963379e-01
2.520460262894630432e-02
2.268334329128265381e-01
5.070543289184570312e-01
1.025676131248474121e-01
5.826957225799560547e-01
1.342941075563430786e-01
3.903355598449707031e-01
1.412004530429840088e-01
3.678957223892211914e-01
1.222126632928848267e-01
2.540286481380462646e-01
3.380960226058959961e-01
6.391270458698272705e-02
4.364743828773498535e-01
2.650548219680786133e-01
7.333174347877502441e-02
4.511606097221374512e-01
1.877368092536926270e-01
2.479758411645889282e-01
1.794373542070388794e-01
3.730863928794860840e-01
6.819442659616470337e-02
4.945566058158874512e-01
1.905185356736183167e-02
5.260038375854492188e-01
1.405803561210632324e-01
6.358363628387451172e-01
1.179628372192382812e-01
4.201389551162719727e-01
2.241755276918411255e-01
2.885869741439819336e-01
3.619964718818664551e-01
2.239983081817626953e-01
2.790938615798950195e-01
2.457866817712783813e-01
1.091150566935539246e-01
2.967565953731536865e-01
7.790073007345199585e-02
2.021329253911972046e-01
2.385665774345397949e-01
5.082753300666809082e-02
5.410307645797729492e-01
1.592275872826576233e-02
6.704082489013671875e-01
1.578365117311477661e-01
7.162377834320068359e-01
6.944094598293304443e-02
2.393942177295684814e-01
4.777443706989288330e-01
2.146092355251312256e-01
2.142251878976821899e-01
4.507231414318084717e-01
1.383105665445327759e-01
2.258076667785644531e-01
3.229435682296752930e-01
1.649357974529266357e-01
2.670725584030151367e-01
1.711428463459014893e-01
1.592988967895507812e-01
2.414370626211166382e-01
2.235051095485687256e-01
8.149431645870208740e-02
3.325105309486389160e-01
5.812801048159599304e-02
1.498445123434066772e-01
1.484271138906478882e-01
1.389526724815368652e-01
8.501704782247543335e-02
2.848363220691680908e-01
1.012344956398010254e-01
2.970377802848815918e-01
5.137999728322029114e-02
4.822755157947540283e-01
1.055852472782135010e-01
3.557831645011901855e-01
5.844543920829892159e-04
4.323370456695556641e-01
5.056368187069892883e-02
6.101861000061035156e-01
2.169448183849453926e-03
3.266629576683044434e-01
2.034542560577392578e-01
9.520737081766128540e-02
3.300606012344360352e-01
3.160222172737121582e-01
3.281448483467102051e-01
2.844510972499847412e-01
3.392884731292724609e-01
1.429230570793151855e-01
1.794549226760864258e-01
1.880104541778564453e-01
1.960574984550476074e-01
1.602753102779388428e-01
2.036864757537841797e-01
3.164370059967041016e-01
1.631932854652404785e-01
3.186638355255126953e-01
2.528278827667236328e-01
3.167213201522827148e-01
1.365850567817687988e-01
4.262040853500366211e-01
1.765418425202369690e-02
2.007814794778823853e-01
4.662422239780426025e-01
2.340921759605407715e-02
2.790754139423370361e-01
2.284083366394042969e-01
1.073058396577835083e-01
2.310452759265899658e-01
3.379945755004882812e-01
6.440299749374389648e-02
4.643652141094207764e-01
2.324409596621990204e-02
2.546723484992980957e-01
1.676345467567443848e-01
1.419782191514968872e-01
1.348232030868530273e-01
3.591401576995849609e-01
3.140667825937271118e-02
2.999718785285949707e-01
1.191329285502433777e-01
2.950149774551391602e-01
1.075365766882896423e-01
3.541754782199859619e-01
8.543477952480316162e-02
5.190048217773437500e-01
1.840161159634590149e-02
1.912970244884490967e-01
4.501830041408538818e-01
2.854051813483238220e-02
2.088649272918701172e-01
2.576739490032196045e-01
1.040995717048645020e-01
1.848070621490478516e-01
1.270914971828460693e-01
1.919118314981460571e-01
1.525188833475112915e-01
1.070379093289375305e-01
2.268528938293457031e-01
4.106491059064865112e-02
1.427592188119888306e-01
2.305103391408920288e-01
2.049657329916954041e-02
2.393595576286315918e-01
4.837672039866447449e-02
3.026712834835052490e-01
4.890067875385284424e-02
2.021668553352355957e-01
9.846442937850952148e-02
1.116589829325675964e-01
1.246789991855621338e-01
1.347289681434631348e-01
3.383934497833251953e-01
5.473503470420837402e-02
6.410175561904907227e-01
3.074847161769866943e-02
8.769878745079040527e-02
4.227412343025207520e-01
1.018976867198944092e-01
7.951503992080688477e-02
2.290870547294616699e-01
2.714029848575592041e-01
7.892736792564392090e-02
5.191345810890197754e-01
2.333731763064861298e-02
2.998905181884765625e-01
2.190903425216674805e-01
1.259329020977020264e-01
2.691960334777832031e-01
9.909847378730773926e-02
5.827341079711914062e-01
1.945039257407188416e-02
6.804472208023071289e-01
1.760128140449523926e-02
5.186955332756042480e-01
1.974043250083923340e-01
2.307179868221282959e-01
4.297112524509429932e-01
1.512791812419891357e-01
2.308090478181838989e-01
3.281809091567993164e-01
2.071023285388946533e-01
2.171529978513717651e-01
4.285668432712554932e-01
1.595702469348907471e-01
3.625144362449645996e-01
1.044341251254081726e-01
2.558300197124481201e-01
3.350700139999389648e-01
1.040126532316207886e-01
3.542054891586303711e-01
1.550271958112716675e-01
2.851849496364593506e-01
1.613344550132751465e-01
4.196381568908691406e-01
9.983966499567031860e-02
2.693421840667724609e-01
2.735144495964050293e-01
1.117976903915405273e-01
2.676819264888763428e-01
2.891019880771636963e-01
1.041510403156280518e-01
4.699840545654296875e-01
5.144844204187393188e-02
1.947935670614242554e-01
4.429167807102203369e-01
4.387667775154113770e-02
2.827512919902801514e-01
2.006705850362777710e-01
1.371178328990936279e-01
3.948000073432922363e-01
5.068654939532279968e-02
3.518274426460266113e-01
2.522745728492736816e-01
9.479756653308868408e-02
4.199382960796356201e-01
2.528297156095504761e-02
4.768691062927246094e-01
6.915679574012756348e-02
8.895169943571090698e-02
1.901171207427978516e-01
1.953910440206527710e-01
9.351849555969238281e-02
3.216099143028259277e-01
1.139693409204483032e-01
3.123721480369567871e-01
1.458322405815124512e-01
1.968657523393630981e-01
3.643832504749298096e-01
4.438380524516105652e-02
3.578376770019531250e-01
2.817967832088470459e-01
1.430824697017669678e-01
3.213219344615936279e-01
1.061247438192367554e-01
3.907721042633056641e-01
7.138212025165557861e-02
3.109502196311950684e-01
5.362188071012496948e-02
4.579938650131225586e-01
4.064922034740447998e-02
4.372538924217224121e-01
2.518852055072784424e-02
5.887477099895477295e-02
4.870014488697052002e-01
2.825159020721912384e-02
3.750109672546386719e-01
1.250526905059814453e-01
2.844330072402954102e-01
2.129111438989639282e-01
1.237477585673332214e-01
8.450415730476379395e-02
1.882241666316986084e-01
1.792276948690414429e-01
1.318668723106384277e-01
3.810185194015502930e-01
1.462101340293884277e-01
3.110080361366271973e-01
1.695893406867980957e-01
1.599815785884857178e-01
1.612958908081054688e-01
1.428770422935485840e-01
1.710284650325775146e-01
1.343535184860229492e-01
2.211610376834869385e-01
2.709884643554687500e-01
1.134257167577743530e-01
1.722487062215805054e-01
2.382250279188156128e-01
1.910642981529235840e-01
1.047203317284584045e-01
7.502068281173706055e-01
2.119969110935926437e-03
2.771625518798828125e-01
2.849107980728149414e-01
3.984417766332626343e-02
8.027153611183166504e-01
3.237168770283460617e-03
1.354882717132568359e-01
4.946669340133666992e-01
4.158688709139823914e-02
1.529297530651092529e-01
3.136221170425415039e-01
1.575262695550918579e-01
2.577408552169799805e-01
1.457959413528442383e-01
2.986186146736145020e-01
1.496767103672027588e-01
3.276970386505126953e-01
6.768716871738433838e-02
2.740432322025299072e-01
1.294620037078857422e-01
1.879709959030151367e-01
3.206975460052490234e-01
7.297536730766296387e-02
3.903890848159790039e-01
1.178490445017814636e-01
1.702949106693267822e-01
2.666625976562500000e-01
5.790805816650390625e-02
1.715895682573318481e-01
1.722051799297332764e-01
1.617581993341445923e-01
2.071152925491333008e-01
2.081336379051208496e-01
1.916082203388214111e-01
1.446079760789871216e-01
1.830263733863830566e-01
2.417000681161880493e-01
8.651006221771240234e-02
3.902873694896697998e-01
1.356516480445861816e-01
3.524734079837799072e-01
1.254336684942245483e-01
1.295169740915298462e-01
4.170769453048706055e-01
4.331633076071739197e-02
6.640285849571228027e-01
1.906204782426357269e-02
3.037601709365844727e-01
2.028346359729766846e-01
1.702664494514465332e-01
1.925790607929229736e-01
1.910471469163894653e-01
1.405687481164932251e-01
2.271601259708404541e-01
1.212781891226768494e-01
1.298783868551254272e-01
2.241657376289367676e-01
2.461769282817840576e-01
8.036205172538757324e-02
2.958862483501434326e-01
1.501558721065521240e-01
2.276385724544525146e-01
1.827479600906372070e-01
1.903640925884246826e-01
2.005948722362518311e-01
1.790635883808135986e-01
1.453844159841537476e-01
1.850004643201828003e-01
1.417971700429916382e-01
3.674945533275604248e-01
6.605258584022521973e-02
4.190006256103515625e-01
1.132323592901229858e-01
4.231448769569396973e-01
6.136393547058105469e-02
3.559218645095825195e-01
1.193301603198051453e-01
4.618045091629028320e-01
1.814374327659606934e-02
3.944337964057922363e-01
1.287991702556610107e-01
3.008002042770385742e-01
1.061990559101104736e-01
7.518824338912963867e-01
1.500458922237157822e-02
3.121975064277648926e-01
4.425325095653533936e-01
1.165777966380119324e-01
2.203900963068008423e-01
4.943192005157470703e-01
4.726023972034454346e-02
4.975132644176483154e-01
1.054541319608688354e-01
3.139447569847106934e-01
4.256910383701324463e-01
9.766333550214767456e-02
3.914226293563842773e-01
1.539698839187622070e-01
3.213244676589965820e-01
7.479615509510040283e-02
4.303363859653472900e-01
6.078618019819259644e-02
3.741733133792877197e-01
1.020812392234802246e-01
1.326263397932052612e-01
5.248068571090698242e-01
1.327588036656379700e-02
2.909096479415893555e-01
3.075464963912963867e-01
1.896847933530807495e-01
2.868357002735137939e-01
1.669939458370208740e-01
2.606283724308013916e-01
2.640808820724487305e-01
1.197901070117950439e-01
3.415355980396270752e-01
2.580892853438854218e-02
3.212639093399047852e-01
7.447691261768341064e-02
2.742708325386047363e-01
1.842930316925048828e-01
2.082964181900024414e-01
2.508919239044189453e-01
1.432807594537734985e-01
2.852471768856048584e-01
1.761723607778549194e-01
1.381476223468780518e-01
4.908279776573181152e-01
2.730182558298110962e-02
1.118935644626617432e-01
2.840698659420013428e-01
7.756990939378738403e-02
9.079922735691070557e-02
3.006209731101989746e-01
7.075353711843490601e-02
3.149247169494628906e-01
1.282399892807006836e-01
3.136311173439025879e-01
6.828293204307556152e-02
4.080576002597808838e-01
5.631490051746368408e-02
2.717574834823608398e-01
3.570363819599151611e-01
9.346866607666015625e-02
6.081877946853637695e-01
9.892435744404792786e-03
2.406388074159622192e-01
1.452080607414245605e-01
8.843097090721130371e-02
4.872268438339233398e-01
2.805944532155990601e-02
8.727792501449584961e-01
2.651321003213524818e-03
4.792093485593795776e-02
5.073207616806030273e-01
1.003763973712921143e-01
1.327844858169555664e-01
3.139415383338928223e-01
2.123042792081832886e-01
3.389376997947692871e-01
6.290055066347122192e-02
2.773976325988769531e-01
1.632504463195800781e-01
2.059855461120605469e-01
1.394695937633514404e-01
3.462872505187988281e-01
5.864299833774566650e-02
1.647352278232574463e-01
1.771758347749710083e-01
1.264697611331939697e-01
1.624603569507598877e-01
1.529822498559951782e-01
2.237124890089035034e-01
1.472902297973632812e-01
2.085660248994827271e-01
1.088438481092453003e-01
3.294223845005035400e-01
7.961905747652053833e-02
1.779617071151733398e-01
2.433612048625946045e-01
1.218935102224349976e-01
3.305684030055999756e-01
7.461384683847427368e-02
4.082317948341369629e-01
4.546912759542465210e-02
1.931161731481552124e-01
4.574479758739471436e-01
2.117271721363067627e-02
4.103139638900756836e-01
4.912439733743667603e-02
2.863955497741699219e-01
1.947392225265502930e-01
1.769038438796997070e-01
2.319972366094589233e-01
4.899608343839645386e-02
4.302768111228942871e-01
7.327319681644439697e-02
2.121392637491226196e-01
2.420771420001983643e-01
1.948977708816528320e-01
2.258729934692382812e-01
2.704302966594696045e-01
2.944615483283996582e-01
6.623856723308563232e-02
5.332200527191162109e-01
9.583096019923686981e-03
4.290740787982940674e-01
7.238204777240753174e-02
1.757951527833938599e-01
2.389327287673950195e-01
1.769015640020370483e-01
1.220701485872268677e-01
4.845791757106781006e-01
1.095964200794696808e-02
4.890255928039550781e-01
4.479775205254554749e-02
3.234906792640686035e-01
5.483706295490264893e-02
3.635382056236267090e-01
3.686076775193214417e-02
3.927363753318786621e-01
9.052915126085281372e-02
2.464080154895782471e-01
3.685221374034881592e-01
1.886359974741935730e-02
6.180006265640258789e-01
7.173990830779075623e-03
3.551886081695556641e-01
8.223170042037963867e-02
7.007993012666702271e-02
3.416565060615539551e-01
3.613305091857910156e-02
3.459188938140869141e-01
9.187998622655868530e-02
2.644059062004089355e-01
9.756530821323394775e-02
2.127767205238342285e-01
7.623486965894699097e-02
1.715497374534606934e-01
1.455936133861541748e-01
1.151331365108489990e-01
2.504838109016418457e-01
1.509070396423339844e-01
3.146318197250366211e-01
2.487695813179016113e-01
2.026849389076232910e-01
1.931974887847900391e-01
2.928828001022338867e-01
9.050723910331726074e-02
2.222522646188735962e-01
2.369025349617004395e-01
2.267702668905258179e-01
3.987609744071960449e-01
4.054665565490722656e-02
2.947828769683837891e-01
1.895141303539276123e-01
1.188262104988098145e-01
3.212390244007110596e-01
4.207519814372062683e-02
5.484344363212585449e-01
4.080254584550857544e-03
1.314219832420349121e-01
4.373567700386047363e-01
5.668809637427330017e-02
5.270169973373413086e-01
1.224058307707309723e-02
6.597678661346435547e-01
1.888104528188705444e-02
1.755481064319610596e-01
3.057768940925598145e-01
1.448638141155242920e-01
1.743422448635101318e-01
1.929419934749603271e-01
2.893351912498474121e-01
1.764858663082122803e-01
2.196836769580841064e-01
2.548997402191162109e-01
2.551796436309814453e-01
1.290363669395446777e-01
1.677038222551345825e-01
1.359421908855438232e-01
3.574968576431274414e-01
2.790349721908569336e-02
3.483942151069641113e-01
1.351788789033889771e-01
1.781469136476516724e-01
4.440428316593170166e-01
2.318441495299339294e-02
3.392991423606872559e-01
8.221551775932312012e-02
4.648324549198150635e-01
2.124188281595706940e-02
3.092255294322967529e-01
2.737765610218048096e-01
2.076060920953750610e-01
3.865430355072021484e-01
2.024217694997787476e-01
3.102753162384033203e-01
4.766822978854179382e-02
3.906896710395812988e-01
1.041436195373535156e-01
2.210942357778549194e-01
1.610224843025207520e-01
4.051054120063781738e-01
4.002729430794715881e-02
4.716698527336120605e-01
2.591238543391227722e-02
2.165318429470062256e-01
1.923368871212005615e-01
1.234312653541564941e-01
2.981686890125274658e-01
4.960174858570098877e-02
2.052737623453140259e-01
3.677591383457183838e-01
5.802592635154724121e-02
3.940035700798034668e-01
3.710517287254333496e-02
3.261182904243469238e-01
9.893653541803359985e-02
2.399402856826782227e-01
3.076954185962677002e-01
4.160713776946067810e-02
5.180228948593139648e-01
2.176467701792716980e-02
9.220613539218902588e-02
3.104076981544494629e-01
1.088094040751457214e-01
1.070643067359924316e-01
4.925286769866943359e-01
8.679265156388282776e-03
4.246838092803955078e-01
9.210859239101409912e-02
2.384772300720214844e-01
2.391995489597320557e-01
3.812423944473266602e-01
6.685131788253784180e-02
7.247142791748046875e-01
2.247362863272428513e-03
2.273796945810317993e-01
5.129645466804504395e-01
3.610689193010330200e-02
2.982055544853210449e-01
2.353305220603942871e-01
9.969402849674224854e-02
6.202890276908874512e-01
8.053802885115146637e-03
5.662381052970886230e-01
1.310096085071563721e-01
1.555265784263610840e-01
2.475109994411468506e-01
4.217351675033569336e-01
2.400324046611785889e-01
1.892794072628021240e-01
6.890547275543212891e-01
5.686066299676895142e-02
1.650416105985641479e-01
2.743252515792846680e-01
3.260505199432373047e-01
9.048198163509368896e-02
4.567865729331970215e-01
1.291168928146362305e-01
1.485217511653900146e-01
2.251698672771453857e-01
2.987107336521148682e-01
1.052470058202743530e-01
2.922175824642181396e-01
2.257940471172332764e-01
1.905386745929718018e-01
2.925143837928771973e-01
1.148557588458061218e-01
1.207596883177757263e-01
2.673047780990600586e-01
1.285302340984344482e-01
2.428737431764602661e-01
1.437288671731948853e-01
2.433904707431793213e-01
2.631328105926513672e-01
1.911730170249938965e-01
2.024405747652053833e-01
2.959286272525787354e-01
1.460610777139663696e-01
3.374165296554565430e-01
1.029598861932754517e-01
3.700006306171417236e-01
8.706419914960861206e-02
4.869534373283386230e-01
2.291715145111083984e-02
2.538676261901855469e-01
2.104635834693908691e-01
6.239844858646392822e-02
3.521853685379028320e-01
7.543580234050750732e-02
1.399751603603363037e-01
2.747955620288848877e-01
1.893598437309265137e-01
4.327880144119262695e-01
2.108052000403404236e-02
2.785891294479370117e-01
2.110554426908493042e-01
8.482754230499267578e-02
5.098060369491577148e-01
1.014694198966026306e-02
1.368989646434783936e-01
3.939737081527709961e-01
2.455504611134529114e-02
4.813210368156433105e-01
1.698577031493186951e-02
3.931656479835510254e-01
7.477853447198867798e-02
2.732694149017333984e-01
3.228165209293365479e-01
5.429735779762268066e-02
5.486071109771728516e-01
2.627794072031974792e-02
3.418573737144470215e-01
3.408534526824951172e-01
5.675093829631805420e-02
2.727648317813873291e-01
1.350411325693130493e-01
1.904503554105758667e-01
1.249420195817947388e-01
1.157945394515991211e-01
2.469767928123474121e-01
8.665365725755691528e-02
3.326888680458068848e-01
1.140578091144561768e-01
4.715050160884857178e-01
1.194361746311187744e-01
6.230635046958923340e-01
2.330100908875465393e-02
3.348576724529266357e-01
3.076378405094146729e-01
8.112334460020065308e-02
2.928716540336608887e-01
2.039239108562469482e-01
2.718882560729980469e-01
7.906166464090347290e-02
5.810335278511047363e-01
1.055734418332576752e-02
3.120912909507751465e-01
4.071704745292663574e-01
2.546080946922302246e-02
3.453465104103088379e-01
3.259271383285522461e-01
1.226458251476287842e-01
5.269490480422973633e-01
9.602268785238265991e-02
1.612530946731567383e-01
3.039474189281463623e-01
7.923717796802520752e-02
2.078857123851776123e-01
3.113672137260437012e-01
1.508855521678924561e-01
1.405212879180908203e-01
4.488322138786315918e-01
2.519121952354907990e-02
4.718146026134490967e-01
4.736265912652015686e-02
4.383221864700317383e-01
3.539310395717620850e-02
3.229196369647979736e-01
2.411348372697830200e-02
3.796139359474182129e-01
7.945303618907928467e-02
1.018570661544799805e-01
3.568323254585266113e-01
5.481436848640441895e-02
2.905944585800170898e-01
1.697140187025070190e-01
1.821651011705398560e-01
2.815812826156616211e-01
1.869944036006927490e-01
2.596818208694458008e-01
1.719493269920349121e-01
1.221022829413414001e-01
4.516507387161254883e-01
3.752430900931358337e-02
4.513354301452636719e-01
1.107067763805389404e-01
2.983170151710510254e-01
2.768192291259765625e-01
1.416824907064437866e-01
4.077079296112060547e-01
7.925195991992950439e-02
2.204178273677825928e-01
2.540333867073059082e-01
1.299206465482711792e-01
4.349055886268615723e-01
5.571460351347923279e-02
5.669971704483032227e-01
2.879918925464153290e-02
2.442813813686370850e-01
2.410591244697570801e-01
1.395095586776733398e-01
1.575862467288970947e-01
1.331126689910888672e-01
4.609578847885131836e-01
4.739517718553543091e-02
1.662563234567642212e-01
3.313332200050354004e-01
1.110412776470184326e-01
2.014440149068832397e-01
1.851384341716766357e-01
3.577577173709869385e-01
8.496230840682983398e-02
2.247226834297180176e-01
2.723555862903594971e-01
9.501543641090393066e-02
4.361907541751861572e-01
5.399882048368453979e-02
1.442926824092864990e-01
2.373600453138351440e-01
8.064463734626770020e-02
3.108316659927368164e-01
1.784752309322357178e-01
1.353361457586288452e-01
3.927966952323913574e-01
4.918938130140304565e-02
2.307393997907638550e-01
2.617272436618804932e-01
1.022301167249679565e-01
4.635979533195495605e-01
2.616326883435249329e-02
6.002237200736999512e-01
2.486596256494522095e-02
3.867742419242858887e-01
3.836525976657867432e-02
4.584500789642333984e-01
6.760634481906890869e-02
4.680434465408325195e-01
3.976885601878166199e-02
2.888614833354949951e-01
2.403062880039215088e-01
1.729082167148590088e-01
2.442742586135864258e-01
8.886937797069549561e-02
6.157679557800292969e-01
3.799799829721450806e-02
8.399289250373840332e-01
2.115836925804615021e-02
1.130656450986862183e-01
4.962805211544036865e-01
1.626534759998321533e-01
3.368077576160430908e-01
3.247996568679809570e-01
1.719286143779754639e-01
3.202767372131347656e-01
4.306792914867401123e-01
8.117767050862312317e-03
7.994251847267150879e-01
9.975376538932323456e-03
2.740934118628501892e-02
4.169086515903472900e-01
1.809267997741699219e-01
2.274213582277297974e-01
1.792374104261398315e-01
3.684076666831970215e-01
1.051442697644233704e-01
3.122244477272033691e-01
2.089697718620300293e-01
2.053101062774658203e-01
1.719019263982772827e-01
1.437270939350128174e-01
2.631820440292358398e-01
1.619586348533630371e-01
2.649565339088439941e-01
2.768638432025909424e-01
6.848388910293579102e-02
3.443753719329833984e-01
1.474285125732421875e-01
2.705519795417785645e-01
1.589911878108978271e-01
5.338960140943527222e-02
8.115587234497070312e-01
9.611615538597106934e-02
1.725300848484039307e-01
3.721006810665130615e-01
2.651584148406982422e-01
1.118464022874832153e-01
3.373896479606628418e-01
3.040617704391479492e-01
8.698001503944396973e-02
1.928640455007553101e-01
3.435758054256439209e-01
1.152628809213638306e-01
1.334075629711151123e-01
4.331607222557067871e-01
5.576806515455245972e-02
1.624774336814880371e-01
4.669468998908996582e-01
3.125335648655891418e-02
4.512105584144592285e-01
1.284957528114318848e-01
1.417968273162841797e-01
3.278476297855377197e-01
1.899631917476654053e-01
1.752457320690155029e-01
2.339155673980712891e-01
1.935853809118270874e-01
2.331808209419250488e-01
1.652859151363372803e-01
4.339307546615600586e-01
1.841502264142036438e-02
5.323445200920104980e-01
4.867948591709136963e-02
3.038363158702850342e-01
1.562747657299041748e-01
2.273689061403274536e-01
2.266369014978408813e-01
1.624975800514221191e-01
3.491552472114562988e-01
8.077222108840942383e-02
2.791624069213867188e-01
3.030554652214050293e-01
2.871247380971908569e-02
2.609174251556396484e-01
1.800632625818252563e-01
2.088725417852401733e-01
2.229945659637451172e-01
1.474766582250595093e-01
4.171104431152343750e-01
2.366784028708934784e-02
5.177608132362365723e-01
2.139480784535408020e-02
3.300016522407531738e-01
2.941623628139495850e-01
1.007233634591102600e-01
9.107480198144912720e-02
3.566115200519561768e-01
1.846687048673629761e-01
2.081590741872787476e-01
1.150815188884735107e-01
4.549794793128967285e-01
7.559844106435775757e-02
2.363448441028594971e-01
4.136360883712768555e-01
7.561934739351272583e-02
2.018203139305114746e-01
3.056154847145080566e-01
1.353541165590286255e-01
1.992351412773132324e-01
1.615230888128280640e-01
1.994265913963317871e-01
2.037614881992340088e-01
7.330092042684555054e-02
4.951105713844299316e-01
2.042059600353240967e-02
1.116372719407081604e-01
2.326401770114898682e-01
1.835258305072784424e-01
1.600746214389801025e-01
3.718678951263427734e-01
7.915012538433074951e-02
3.537615835666656494e-01
1.746149510145187378e-01
1.260915100574493408e-01
1.681304574012756348e-01
3.711402714252471924e-01
3.025456704199314117e-02
2.908905446529388428e-01
7.525261491537094116e-02
1.548862904310226440e-01
3.494688570499420166e-01
1.119582206010818481e-01
3.219440281391143799e-01
8.224521577358245850e-02
8.426259458065032959e-02
1.215441226959228516e-01
9.960052371025085449e-02
2.817833423614501953e-01
9.625694155693054199e-02
2.273767888545989990e-01
1.441261172294616699e-01
3.707527220249176025e-01
2.169470489025115967e-02
2.494446486234664917e-01
9.544630348682403564e-02
1.954413652420043945e-01
2.190402001142501831e-01
1.074052825570106506e-01
1.817217469215393066e-01
1.700483560562133789e-01
4.986659437417984009e-02
4.217259287834167480e-01
2.699318528175354004e-02
4.336138367652893066e-01
4.066984355449676514e-02
2.785321474075317383e-01
7.936862111091613770e-02
1.806471347808837891e-01
2.553839087486267090e-01
3.979410976171493530e-02
2.032817006111145020e-01
2.394113391637802124e-01
9.216195344924926758e-02
9.107378870248794556e-02
4.522809386253356934e-01
1.177731249481439590e-02
3.346469402313232422e-01
1.375191062688827515e-01
2.882261872291564941e-01
1.995013356208801270e-01
1.279753744602203369e-01
5.331211090087890625e-01
1.738469116389751434e-02
6.218008995056152344e-01
1.048470102250576019e-02
3.167676925659179688e-01
6.501266360282897949e-02
4.133576154708862305e-01
8.356598764657974243e-02
4.342973232269287109e-01
6.421522796154022217e-02
2.906200885772705078e-01
7.202096283435821533e-02
2.693800926208496094e-01
3.008880317211151123e-01
1.248197555541992188e-01
4.708063602447509766e-01
3.567817434668540955e-02
5.372328162193298340e-01
1.155514195561408997e-01
1.926093995571136475e-01
2.667060792446136475e-01
2.579412758350372314e-01
1.593137681484222412e-01
1.435689628124237061e-01
1.637935638427734375e-01
2.659663558006286621e-01
1.587029397487640381e-01
1.407674401998519897e-01
5.591833591461181641e-01
1.081213820725679398e-02
4.587239623069763184e-01
8.747065812349319458e-02
2.154313921928405762e-01
5.718743801116943359e-01
2.853027358651161194e-02
5.398020744323730469e-01
6.315703690052032471e-02
1.554980576038360596e-01
1.938219368457794189e-01
2.748388946056365967e-01
1.495337188243865967e-01
1.499646902084350586e-01
5.389831662178039551e-01
5.577018857002258301e-02
1.292609423398971558e-01
3.745319843292236328e-01
2.511618137359619141e-01
1.313398778438568115e-01
4.171570539474487305e-01
7.843772321939468384e-02
3.100797533988952637e-01
1.305278539657592773e-01
1.858638823032379150e-01
2.490399628877639771e-01
1.297080516815185547e-01
1.536346673965454102e-01
3.793568611145019531e-01
6.670628488063812256e-02
1.971704363822937012e-01
3.143878281116485596e-01
1.326983869075775146e-01
1.999425888061523438e-01
3.076184689998626709e-01
1.864034235477447510e-01
3.252988159656524658e-01
3.374880552291870117e-01
8.655638992786407471e-02
5.329253077507019043e-01
3.689381480216979980e-02
1.319657564163208008e-01
5.979158878326416016e-01
2.179620042443275452e-02
3.556335270404815674e-01
1.840757429599761963e-01
8.128473162651062012e-02
3.506016731262207031e-01
8.526837825775146484e-02
4.137963950634002686e-01
5.148797482252120972e-02
3.069927096366882324e-01
1.697157174348831177e-01
1.942451894283294678e-01
1.764938533306121826e-01
2.010585069656372070e-01
1.719825863838195801e-01
2.658869028091430664e-01
1.559275537729263306e-01
2.115697860717773438e-01
1.473362892866134644e-01
3.021149039268493652e-01
3.016253188252449036e-02
2.469491660594940186e-01
2.069068849086761475e-01
9.647466987371444702e-02
4.534083604812622070e-01
3.418011218309402466e-02
1.776346564292907715e-01
3.100020885467529297e-01
7.758745551109313965e-02
2.000226974487304688e-01
2.325623333454132080e-01
1.104706749320030212e-01
3.141129016876220703e-01
2.158640138804912567e-02
1.754599362611770630e-01
3.126675486564636230e-01
6.002320721745491028e-02
3.729677200317382812e-01
4.693330824375152588e-02
2.001232653856277466e-01
1.440986990928649902e-01
1.694677174091339111e-01
1.630511581897735596e-01
1.664371341466903687e-01
3.402031660079956055e-01
2.902934327721595764e-02
6.105027794837951660e-01
1.052790507674217224e-02
2.555696964263916016e-01
1.409375965595245361e-01
1.397988200187683105e-01
4.384876191616058350e-01
4.968395084142684937e-02
3.778735399246215820e-01
1.063713878393173218e-01
1.586740612983703613e-01
2.970123887062072754e-01
8.231808245182037354e-02
2.145373523235321045e-01
2.761677503585815430e-01
1.251721084117889404e-01
2.724548578262329102e-01
9.617170691490173340e-02
4.388374090194702148e-01
2.580058574676513672e-02
7.229366302490234375e-01
1.338019501417875290e-02
5.488598346710205078e-01
1.657292693853378296e-01
1.966754794120788574e-01
3.968509435653686523e-01
2.903200387954711914e-01
2.414810508489608765e-01
3.811495602130889893e-01
1.516038477420806885e-01
4.354300498962402344e-01
1.028367727994918823e-01
4.297220110893249512e-01
8.268320560455322266e-02
2.065359055995941162e-01
1.718916893005371094e-01
1.666146963834762573e-01
1.536078602075576782e-01
1.342167258262634277e-01
1.800804585218429565e-01
2.619113028049468994e-01
7.964082062244415283e-02
2.248630076646804810e-01
2.033812999725341797e-01
7.231765240430831909e-02
2.109749913215637207e-01
3.868432641029357910e-01
2.457101084291934967e-02
1.728404760360717773e-01
3.449674546718597412e-01
8.908128738403320312e-02
7.538644969463348389e-02
4.840130805969238281e-01
2.013381756842136383e-02
6.903022527694702148e-02
3.247479796409606934e-01
7.583419978618621826e-02
7.982343435287475586e-02
1.666047424077987671e-01
2.796494066715240479e-01
1.957679539918899536e-01
5.866419151425361633e-02
5.362135171890258789e-01
1.957730390131473541e-02
1.240794956684112549e-01
3.646410703659057617e-01
7.342213392257690430e-02
1.403832733631134033e-01
3.347617685794830322e-01
5.375821515917778015e-02
4.208090901374816895e-01
1.001532524824142456e-01
1.856308281421661377e-01
3.376826345920562744e-01
9.880042076110839844e-02
2.351439446210861206e-01
1.535505354404449463e-01
4.155731499195098877e-01
5.417914688587188721e-02
1.810320168733596802e-01
3.179332315921783447e-01
5.937885865569114685e-02
2.970955967903137207e-01
2.278961837291717529e-01
3.443099856376647949e-01
8.809222280979156494e-02
3.767034411430358887e-01
9.926246851682662964e-02
3.792974948883056641e-01
9.017408639192581177e-02
8.182743191719055176e-02
4.096564650535583496e-01
5.982142686843872070e-02
1.289258003234863281e-01
3.496627807617187500e-01
7.059309631586074829e-02
1.109084635972976685e-01
3.774672746658325195e-01
4.135724902153015137e-02
2.980179190635681152e-01
2.125224620103836060e-01
8.829939365386962891e-02
3.111603558063507080e-01
9.489761292934417725e-02
1.813651025295257568e-01
3.658450841903686523e-01
3.774719685316085815e-02
3.869959115982055664e-01
1.259124428033828735e-01
2.495075464248657227e-01
1.375997960567474365e-01
1.901997923851013184e-01
2.244896739721298218e-01
2.036806792020797729e-01
2.289833426475524902e-01
8.913046121597290039e-02
5.364865064620971680e-01
6.294076330959796906e-03
3.733666837215423584e-01
8.180116117000579834e-02
4.871663749217987061e-01
7.387064397335052490e-02
7.110562324523925781e-01
6.908209063112735748e-03
3.332172930240631104e-01
3.659194707870483398e-01
9.063677489757537842e-02
6.583527326583862305e-01
2.923852205276489258e-02
2.698462009429931641e-01
3.884875178337097168e-01
5.278667062520980835e-02
1.446890234947204590e-01
5.278995037078857422e-01
2.733770571649074554e-02
3.597957491874694824e-01
4.656136408448219299e-02
2.954671084880828857e-01
2.220678478479385376e-01
1.993882954120635986e-01
4.139319062232971191e-01
7.266466319561004639e-02
4.424517154693603516e-01
9.820841252803802490e-02
1.512464880943298340e-01
3.747156858444213867e-01
9.345017373561859131e-02
2.560464739799499512e-01
2.963148057460784912e-01
1.833460927009582520e-01
2.837725281715393066e-01
1.015282720327377319e-01
5.624520778656005859e-01
1.546842046082019806e-02
2.984476387500762939e-01
7.995353639125823975e-02
3.812779784202575684e-01
8.341965079307556152e-02
3.796917796134948730e-01
1.720712184906005859e-01
2.555347084999084473e-01
9.936718642711639404e-02
3.612566590309143066e-01
9.628050774335861206e-02
1.484026312828063965e-01
3.459210395812988281e-01
7.636853307485580444e-02
2.361057698726654053e-01
2.642045021057128906e-01
7.807831466197967529e-02
4.033157825469970703e-01
4.861368238925933838e-02
1.629097461700439453e-01
3.039475083351135254e-01
7.379065454006195068e-02
1.917086839675903320e-01
2.183756530284881592e-01
1.545401066541671753e-01
3.023218810558319092e-01
4.475787281990051270e-02
1.954936832189559937e-01
2.803882956504821777e-01
1.291515529155731201e-01
2.694558501243591309e-01
1.134175658226013184e-01
4.732808768749237061e-01
4.573501646518707275e-02
3.414445817470550537e-01
5.725120380520820618e-02
2.596083283424377441e-01
2.606454789638519287e-01
9.138169139623641968e-02
6.331164836883544922e-01
1.208609249442815781e-02
7.810549736022949219e-01
1.632723212242126465e-02
9.282593429088592529e-02
3.861885964870452881e-01
9.784013032913208008e-02
1.710802614688873291e-01
2.891771793365478516e-01
1.016851812601089478e-01
3.991619944572448730e-01
1.374071240425109863e-01
3.282731771469116211e-01
9.648525714874267578e-02
2.715152800083160400e-01
1.246577054262161255e-01
5.293049812316894531e-01
3.446152061223983765e-02
3.965573608875274658e-01
1.742217093706130981e-01
1.873491704463958740e-01
1.969059109687805176e-01
1.660685539245605469e-01
2.012795805931091309e-01
3.090896010398864746e-01
9.354472160339355469e-02
4.196900129318237305e-01
5.681440234184265137e-02
1.962646842002868652e-01
3.114279806613922119e-01
1.388704776763916016e-01
2.500089704990386963e-01
3.368074297904968262e-01
1.719464808702468872e-01
4.562767148017883301e-01
5.463636294007301331e-02
2.314200997352600098e-01
3.527587652206420898e-01
5.081188306212425232e-02
2.226081639528274536e-01
2.863806188106536865e-01
1.043096780776977539e-01
3.046998679637908936e-01
1.349018663167953491e-01
1.371656954288482666e-01
2.289948463439941406e-01
1.004161015152931213e-01
3.931030035018920898e-01
5.618333071470260620e-02
5.648680925369262695e-01
3.190783038735389709e-02
3.580234050750732422e-01
6.194715946912765503e-02
2.654808759689331055e-01
1.560530662536621094e-01
3.991796374320983887e-01
6.587017327547073364e-02
2.855386435985565186e-01
2.570378184318542480e-01
1.465864181518554688e-01
3.548589348793029785e-01
8.629207313060760498e-02
3.742029964923858643e-01
2.089112102985382080e-01
2.683761715888977051e-01
2.413493692874908447e-01
2.992582321166992188e-01
6.174255907535552979e-02
5.784655809402465820e-01
4.910408053547143936e-03
3.186109662055969238e-01
1.033053994178771973e-01
2.623823881149291992e-01
1.423027664422988892e-01
3.615516126155853271e-01
1.414754390716552734e-01
3.656028509140014648e-01
5.010456591844558716e-02
4.666682481765747070e-01
5.283285677433013916e-02
4.780433177947998047e-01
1.210012659430503845e-02
5.796124935150146484e-01
7.707584649324417114e-02
2.581631541252136230e-01
2.921142876148223877e-01
2.108446955680847168e-01
2.700016498565673828e-01
1.661578863859176636e-01
4.441184401512145996e-01
1.115958951413631439e-02
3.081221580505371094e-01
3.274383544921875000e-01
4.970163479447364807e-02
5.905952453613281250e-01
6.480668485164642334e-02
3.269573748111724854e-01
1.814458668231964111e-01
8.540658652782440186e-02
4.546318054199218750e-01
1.511930674314498901e-01
2.562090754508972168e-01
3.176502585411071777e-01
2.059747129678726196e-01
2.094737589359283447e-01
3.557227849960327148e-01
1.252222210168838501e-01
6.034793853759765625e-01
6.233505159616470337e-02
3.083724975585937500e-01
3.098766207695007324e-01
1.025971770286560059e-01
4.326428771018981934e-01
1.146728917956352234e-01
2.376463711261749268e-01
2.292848527431488037e-01
2.276946902275085449e-01
1.760548651218414307e-01
2.704413831233978271e-01
1.507903337478637695e-01
2.185368537902832031e-01
3.133932352066040039e-01
8.273666352033615112e-02
4.600678086280822754e-01
4.968841373920440674e-02
3.506374657154083252e-01
9.148962795734405518e-02
3.114215731620788574e-01
1.084639206528663635e-01
2.839877605438232422e-01
1.977594494819641113e-01
1.663960218429565430e-01
2.626655697822570801e-01
6.246437877416610718e-02
3.919238448143005371e-01
4.869792610406875610e-02
3.643969595432281494e-01
3.844688832759857178e-02
5.095920562744140625e-01
8.100152015686035156e-02
1.093020886182785034e-01
3.913434147834777832e-01
4.432446882128715515e-02
4.963757395744323730e-01
3.542863577604293823e-02
5.686607956886291504e-01
5.885570868849754333e-02
3.017151951789855957e-01
1.739689409732818604e-01
2.406589984893798828e-01
1.789650768041610718e-01
1.599708199501037598e-01
2.682099044322967529e-01
3.363546431064605713e-01
5.984314158558845520e-02
3.614026904106140137e-01
1.325210183858871460e-01
1.744828820228576660e-01
1.994407773017883301e-01
2.508971691131591797e-01
9.702879935503005981e-02
3.546617031097412109e-01
1.258622705936431885e-01
2.249909192323684692e-01
1.259855926036834717e-01
2.261157333850860596e-01
1.119658201932907104e-01
1.915686130523681641e-01
1.377495080232620239e-01
2.021781206130981445e-01
3.455458879470825195e-01
5.382169783115386963e-02
5.284153819084167480e-01
8.483100682497024536e-03
3.593931198120117188e-01
8.373141288757324219e-02
2.375523149967193604e-01
9.415553510189056396e-02
4.214160740375518799e-01
6.881451606750488281e-02
4.109267890453338623e-01
5.277118831872940063e-02
4.090892672538757324e-01
8.164446055889129639e-02
3.057812452316284180e-01
1.758736222982406616e-01
1.974164843559265137e-01
4.810307323932647705e-01
1.406261622905731201e-01
2.263103574514389038e-01
1.293921768665313721e-01
1.671612560749053955e-01
2.968582510948181152e-01
4.018931463360786438e-02
3.058462440967559814e-01
2.194526195526123047e-01
4.970337450504302979e-02
5.226543545722961426e-01
2.857899479568004608e-02
5.505190491676330566e-01
3.400985617190599442e-03
2.696336209774017334e-01
2.037640810012817383e-01
4.310833662748336792e-02
5.614401698112487793e-01
3.709488362073898315e-02
2.663600444793701172e-01
2.351186573505401611e-01
1.471835374832153320e-01
2.098391056060791016e-01
3.237216174602508545e-01
2.120163887739181519e-01
1.152728646993637085e-01
3.681424260139465332e-01
8.024697005748748779e-02
2.973667085170745850e-01
1.798213720321655273e-01
2.815720438957214355e-01
1.886281669139862061e-01
3.560178279876708984e-01
1.430508792400360107e-01
2.394396960735321045e-01
1.076075583696365356e-01
2.476438283920288086e-01
1.915398836135864258e-01
2.254589796066284180e-01
2.100369632244110107e-01
1.573241949081420898e-01
3.261480927467346191e-01
8.455961197614669800e-02
5.345771312713623047e-01
2.010648325085639954e-02
2.602058649063110352e-01
1.830184310674667358e-01
1.664837002754211426e-01
2.009131610393524170e-01
1.365565061569213867e-01
3.396584689617156982e-01
6.732390820980072021e-02
4.909197092056274414e-01
5.159358680248260498e-02
5.865123271942138672e-01
1.263993047177791595e-02
2.218357026576995850e-01
5.461643934249877930e-01
1.820461079478263855e-02
2.387088686227798462e-01
3.543159663677215576e-01
6.264103949069976807e-02
4.843927323818206787e-01
8.251652121543884277e-02
3.261192142963409424e-01
8.984382450580596924e-02
3.142985701560974121e-01
1.173620223999023438e-01
2.859466373920440674e-01
9.803096204996109009e-02
2.478830963373184204e-01
1.316851377487182617e-01
2.490481734275817871e-01
2.217472046613693237e-01
2.413927316665649414e-01
1.859734952449798584e-01
1.997406035661697388e-01
1.562730371952056885e-01
2.339139878749847412e-01
6.820020824670791626e-02
2.879786789417266846e-01
1.588134914636611938e-01
3.028955459594726562e-01
9.298537671566009521e-02
2.996802330017089844e-01
1.437286734580993652e-01
2.025482058525085449e-01
2.144272625446319580e-01
3.340102434158325195e-01
8.281156420707702637e-02
5.514706373214721680e-01
4.356800764799118042e-02
7.479417324066162109e-01
9.007460437715053558e-03
2.723751068115234375e-01
2.002943456172943115e-01
2.402128875255584717e-01
1.183983981609344482e-01
4.153325259685516357e-01
5.524879693984985352e-02
4.974727034568786621e-01
7.290981709957122803e-02
1.982692778110504150e-01
2.416791468858718872e-01
1.956600546836853027e-01
1.763409674167633057e-01
1.944141983985900879e-01
1.555067598819732666e-01
2.086613774299621582e-01
1.807593703269958496e-01
1.351308524608612061e-01
1.880852431058883667e-01
1.348195075988769531e-01
2.671911716461181641e-01
8.891697227954864502e-02
2.786211371421813965e-01
8.191317319869995117e-02
2.935755848884582520e-01
1.382068097591400146e-01
2.706502676010131836e-01
1.821515560150146484e-01
2.106582373380661011e-01
2.225513309240341187e-01
1.480868458747863770e-01
1.618260294198989868e-01
1.695623546838760376e-01
1.644386649131774902e-01
1.277311593294143677e-01
3.257368803024291992e-01
9.578515589237213135e-02
2.623266577720642090e-01
3.094576299190521240e-01
7.168047130107879639e-02
3.289636671543121338e-01
2.120379805564880371e-01
1.836915910243988037e-01
2.231827676296234131e-01
1.656825840473175049e-01
2.133760005235671997e-01
1.394298821687698364e-01
2.549659609794616699e-01
1.314378529787063599e-01
2.411991357803344727e-01
7.680090516805648804e-02
4.798606634140014648e-01
3.854772821068763733e-02
5.698752999305725098e-01
2.126133441925048828e-02
4.390752911567687988e-01
2.950127236545085907e-02
1.803627163171768188e-01
3.744116127490997314e-01
7.676459103822708130e-02
3.577769398689270020e-01
9.028525650501251221e-02
4.522010684013366699e-01
3.122614324092864990e-02
3.552460968494415283e-01
3.633924573659896851e-02
2.149982899427413940e-01
2.969508171081542969e-01
1.436555981636047363e-01
1.285762488842010498e-01
5.238764882087707520e-01
2.873868122696876526e-02
2.674096226692199707e-01
2.163098007440567017e-01
8.087896555662155151e-02
2.135100066661834717e-01
1.684609353542327881e-01
2.700830101966857910e-01
1.242980435490608215e-01
2.347260117530822754e-01
2.863269746303558350e-01
5.496634542942047119e-02
2.664306461811065674e-01
1.267935931682586670e-01
2.200552523136138916e-01
1.149943023920059204e-01
4.132694900035858154e-01
2.812833152711391449e-02
3.386912345886230469e-01
7.204559445381164551e-02
2.260422110557556152e-01
1.023875847458839417e-01
1.821417957544326782e-01
2.646645605564117432e-01
1.109970137476921082e-01
5.409563779830932617e-01
1.287773158401250839e-02
3.493964672088623047e-01
1.600062251091003418e-01
6.409189850091934204e-02
3.427592217922210693e-01
7.133807241916656494e-02
4.609201848506927490e-01
3.924694657325744629e-02
3.387464582920074463e-01
1.142451539635658264e-01
2.361633777618408203e-01
1.555723249912261963e-01
1.813606023788452148e-01
1.740754246711730957e-01
2.673511803150177002e-01
9.930074214935302734e-02
1.649027764797210693e-01
3.396528661251068115e-01
6.882631033658981323e-02
2.311876416206359863e-01
1.532099545001983643e-01
1.818591654300689697e-01
1.789234578609466553e-01
1.641699522733688354e-01
2.260029315948486328e-01
1.102639958262443542e-01
2.230933308601379395e-01
1.556138694286346436e-01
1.889757066965103149e-01
2.136827260255813599e-01
1.153892874717712402e-01
3.222907185554504395e-01
3.267139568924903870e-02
3.417824506759643555e-01
8.421263843774795532e-02
2.073576152324676514e-01
1.480245590209960938e-01
1.375911682844161987e-01
1.803912371397018433e-01
2.499945908784866333e-01
5.047914385795593262e-02
3.840178251266479492e-01
8.421742916107177734e-02
5.569878816604614258e-01
4.470825195312500000e-03
4.644612073898315430e-01
3.510664030909538269e-02
2.851353883743286133e-01
1.073075830936431885e-01
1.364328265190124512e-01
2.016387879848480225e-01
1.403623521327972412e-01
2.718886435031890869e-01
6.090408191084861755e-02
3.368793725967407227e-01
5.854704976081848145e-02
1.506208330392837524e-01
5.515489578247070312e-01
6.322159897536039352e-03
4.650871753692626953e-01
9.088194370269775391e-02
4.191658496856689453e-01
5.618000775575637817e-02
5.665147900581359863e-01
6.295631639659404755e-03
3.117192387580871582e-01
2.535787820816040039e-01
6.887804716825485229e-02
7.014042139053344727e-01
5.975500680506229401e-03
4.841552674770355225e-01
4.199517518281936646e-02
9.243409335613250732e-02
5.027604103088378906e-01
3.999992087483406067e-02
4.417455792427062988e-01
1.763627231121063232e-01
1.516650021076202393e-01
1.813472509384155273e-01
4.329319596290588379e-01
3.301303833723068237e-02
4.000837802886962891e-01
1.017185598611831665e-01
1.600884795188903809e-01
3.302168548107147217e-01
9.640506654977798462e-02
2.995882034301757812e-01
1.510263681411743164e-01
2.265608608722686768e-01
2.219054102897644043e-01
1.472543478012084961e-01
2.669371068477630615e-01
1.189597100019454956e-01
1.425980031490325928e-01
4.008828401565551758e-01
6.134568899869918823e-02
2.317243814468383789e-01
2.741542458534240723e-01
1.044238358736038208e-01
2.785190939903259277e-01
1.510823220014572144e-01
1.511597335338592529e-01
2.425275593996047974e-01
2.521397471427917480e-01
7.095814496278762817e-02
2.670165300369262695e-01
1.582839190959930420e-01
1.678339540958404541e-01
2.116478383541107178e-01
1.791873574256896973e-01
1.285812854766845703e-01
2.968448698520660400e-01
1.522389948368072510e-01
3.608119487762451172e-01
6.962476670742034912e-02
3.356705009937286377e-01
5.933842062950134277e-02
1.455924212932586670e-01
3.057619929313659668e-01
1.629612147808074951e-01
2.651304602622985840e-01
1.063862517476081848e-01
2.177865952253341675e-01
2.308922111988067627e-01
1.100462824106216431e-01
3.138403892517089844e-01
7.478620857000350952e-02
3.914097845554351807e-01
2.840338461101055145e-02
5.244746804237365723e-01
1.558894105255603790e-02
1.194362342357635498e-01
2.666894197463989258e-01
3.782315924763679504e-02
1.745323538780212402e-01
2.761740684509277344e-01
6.752109527587890625e-02
3.677831888198852539e-01
1.203372254967689514e-01
1.810215711593627930e-01
1.748593449592590332e-01
1.869825422763824463e-01
2.775798439979553223e-01
9.400936961174011230e-02
3.360356986522674561e-01
1.079485565423965454e-01
1.492429673671722412e-01
2.103710323572158813e-01
1.885948479175567627e-01
1.528280228376388550e-01
1.300682276487350464e-01
1.527442038059234619e-01
2.967112660408020020e-01
5.360717326402664185e-02
4.686303138732910156e-01
1.694779470562934875e-02
3.290020823478698730e-01
1.184607520699501038e-01
1.665360629558563232e-01
1.226060241460800171e-01
2.806881368160247803e-01
1.041646748781204224e-01
1.605569124221801758e-01
2.610557079315185547e-01
7.275734096765518188e-02
3.821196556091308594e-01
5.290320143103599548e-02
2.095516771078109741e-01
2.597446441650390625e-01
7.184463739395141602e-02
2.680985927581787109e-01
1.067550852894783020e-01
1.690666228532791138e-01
2.222613543272018433e-01
8.395698666572570801e-02
3.854469656944274902e-01
4.230473190546035767e-02
4.827681779861450195e-01
1.254713535308837891e-02
6.820483803749084473e-01
6.430350709706544876e-03
7.013978958129882812e-01
1.451472658663988113e-02
5.064147114753723145e-01
1.151764690876007080e-01
3.879738450050354004e-01
4.515725001692771912e-02
5.616933703422546387e-01
2.185403555631637573e-02
6.481394171714782715e-01
2.317127212882041931e-02
6.234763860702514648e-01
1.743474975228309631e-02
4.232580959796905518e-01
9.827890992164611816e-02
2.841241657733917236e-01
2.287202626466751099e-01
1.790947318077087402e-01
3.735146522521972656e-01
5.569203197956085205e-02
1.858370006084442139e-01
1.932167559862136841e-01
1.689421534538269043e-01
1.955840438604354858e-01
2.161396443843841553e-01
3.498075902462005615e-01
7.531288266181945801e-02
2.866552770137786865e-01
1.355468332767486572e-01
2.577675580978393555e-01
1.012776345014572144e-01
3.766077458858489990e-01
6.922416388988494873e-02
1.617884635925292969e-01
3.112713694572448730e-01
1.243238374590873718e-01
2.714153826236724854e-01
1.725246459245681763e-01
2.176243513822555542e-01
1.542831063270568848e-01
1.253176033496856689e-01
3.131633996963500977e-01
6.572427600622177124e-02
2.988743185997009277e-01
9.639168530702590942e-02
1.541962325572967529e-01
2.203518897294998169e-01
1.637695729732513428e-01
2.942528724670410156e-01
1.528220176696777344e-01
2.499699294567108154e-01
7.013806700706481934e-02
2.416947484016418457e-01
2.446474730968475342e-01
7.202646881341934204e-02
1.087964624166488647e-01
3.419320583343505859e-01
6.996114552021026611e-02
2.193240970373153687e-01
1.700536161661148071e-01
2.262889444828033447e-01
1.197863668203353882e-01
3.295550346374511719e-01
6.992283463478088379e-02
2.986151576042175293e-01
8.849737048149108887e-02
1.964682638645172119e-01
1.112882196903228760e-01
2.520161569118499756e-01
9.223089367151260376e-02
2.528037428855895996e-01
2.089211642742156982e-01
9.449723362922668457e-02
2.703380584716796875e-01
1.323311775922775269e-01
2.884631752967834473e-01
6.590989977121353149e-02
3.981469869613647461e-01
4.594951495528221130e-02
1.819664239883422852e-01
1.271586418151855469e-01
2.225884199142456055e-01
1.455742418766021729e-01
1.870647668838500977e-01
1.875463724136352539e-01
2.371148169040679932e-01
1.341631263494491577e-01
2.420141994953155518e-01
1.483839899301528931e-01
1.526951193809509277e-01
3.633301854133605957e-01
3.374193981289863586e-02
4.225467443466186523e-01
7.010190188884735107e-02
3.490445315837860107e-01
3.070615977048873901e-02
2.891932725906372070e-01
1.252416372299194336e-01
1.604372859001159668e-01
1.820208281278610229e-01
2.112521380186080933e-01
1.017786413431167603e-01
3.491817116737365723e-01
2.933014929294586182e-02
2.358876764774322510e-01
1.783931255340576172e-01
1.347230821847915649e-01
2.316786497831344604e-01
1.557869315147399902e-01
2.416167706251144409e-01
1.416862756013870239e-01
4.123442173004150391e-01
3.834446892142295837e-02
2.168373018503189087e-01
2.565751075744628906e-01
5.755615979433059692e-02
2.365832328796386719e-01
1.678365767002105713e-01
9.789612889289855957e-02
1.851482093334197998e-01
1.438148617744445801e-01
1.947082281112670898e-01
1.641399711370468140e-01
2.332255691289901733e-01
6.664110720157623291e-02
1.472170650959014893e-01
2.976067960262298584e-01
3.787220641970634460e-02
4.910992383956909180e-01
4.873825237154960632e-02
7.821926474571228027e-01
2.759560942649841309e-03
2.215566784143447876e-01
1.099787503480911255e-01
8.513501286506652832e-02
4.376646280288696289e-01
5.257183313369750977e-02
9.149087071418762207e-01
1.171510852873325348e-02
5.852054953575134277e-01
8.724774420261383057e-02
2.241072058677673340e-01
2.922027707099914551e-01
1.550928652286529541e-01
3.402101993560791016e-01
2.001737207174301147e-01
4.561715424060821533e-01
8.827738463878631592e-02
4.358707070350646973e-01
7.337592542171478271e-02
1.991731822490692139e-01
2.245030850172042847e-01
1.431076079607009888e-01
2.332041710615158081e-01
1.908484995365142822e-01
2.080409973859786987e-01
1.796894520521163940e-01
3.817285001277923584e-01
7.723589241504669189e-02
2.641856670379638672e-01
1.643407195806503296e-01
1.848121285438537598e-01
1.997760832309722900e-01
2.644672691822052002e-01
1.297803968191146851e-01
3.927509486675262451e-01
5.440697073936462402e-02
1.834492683410644531e-01
2.996762394905090332e-01
8.474627882242202759e-02
3.169272840023040771e-01
1.498316526412963867e-01
1.278344988822937012e-01
2.087927609682083130e-01
1.421960294246673584e-01
1.332977712154388428e-01
2.000385671854019165e-01
