3.426503539085388184e-01
8.445609807968139648e-01
7.647976875305175781e-01
6.821016669273376465e-01
7.223339676856994629e-01
7.526589632034301758e-01
7.655303478240966797e-01
7.883089184761047363e-01
7.998570799827575684e-01
7.606397867202758789e-01
8.033897876739501953e-01
8.156206607818603516e-01
8.177443742752075195e-01
8.524312973022460938e-01
9.080950021743774414e-01
6.945467591285705566e-01
9.120435118675231934e-01
8.033329248428344727e-01
8.658099174499511719e-01
9.088621139526367188e-01
7.656710743904113770e-01
8.214851021766662598e-01
9.253198504447937012e-01
9.409140348434448242e-01
7.665521502494812012e-01
7.432945370674133301e-01
8.635733723640441895e-01
9.272754192352294922e-01
8.738920688629150391e-01
7.995188236236572266e-01
9.146409630775451660e-01
9.347735643386840820e-01
8.655146956443786621e-01
7.964855432510375977e-01
8.965407013893127441e-01
9.353784322738647461e-01
7.461044192314147949e-01
8.013947606086730957e-01
9.123221039772033691e-01
9.293905496597290039e-01
9.501957297325134277e-01
8.025521039962768555e-01
8.669915199279785156e-01
8.683494925498962402e-01
9.186275601387023926e-01
9.653660058975219727e-01
9.304325580596923828e-01
9.446614980697631836e-01
9.460694789886474609e-01
9.041152000427246094e-01
9.240058660507202148e-01
9.489273428916931152e-01
8.283910751342773438e-01
9.140388965606689453e-01
9.611316919326782227e-01
9.727965593338012695e-01
7.951967716217041016e-01
7.232022881507873535e-01
8.751077055931091309e-01
9.327608346939086914e-01
9.734883308410644531e-01
9.739997386932373047e-01
7.874891161918640137e-01
8.056780099868774414e-01
8.226372003555297852e-01
8.933619260787963867e-01
9.289388656616210938e-01
9.746557474136352539e-01
9.706152677536010742e-01
9.730761051177978516e-01
6.527996659278869629e-01
7.248656749725341797e-01
8.378846645355224609e-01
9.690880179405212402e-01
9.620916843414306641e-01
9.621207118034362793e-01
5.598068833351135254e-01
8.405050039291381836e-01
8.827752470970153809e-01
9.278723001480102539e-01
9.627970457077026367e-01
9.574867486953735352e-01
8.570284843444824219e-01
9.109640121459960938e-01
8.711128234863281250e-01
8.569893836975097656e-01
8.959454298019409180e-01
8.722252845764160156e-01
6.724815368652343750e-01
8.622448444366455078e-01
9.068815708160400391e-01
5.633385181427001953e-01
8.056346178054809570e-01
9.234697818756103516e-01
3.521362543106079102e-01
8.627310395240783691e-01
9.249618053436279297e-01
6.572928428649902344e-01
8.165405988693237305e-01
9.167350530624389648e-01
7.179567217826843262e-01
8.822492361068725586e-01
8.493785262107849121e-01
5.915017127990722656e-01
8.250573873519897461e-01
3.789401054382324219e-01
8.073149919509887695e-01
9.537304639816284180e-01
6.948198676109313965e-01
7.751123905181884766e-01
9.253855347633361816e-01
8.741257786750793457e-01
8.374462723731994629e-01
8.073822259902954102e-01
8.762778043746948242e-01
7.327308058738708496e-01
8.725395798683166504e-01
8.038777112960815430e-01
7.976081371307373047e-01
8.498002290725708008e-01
5.282695889472961426e-01
9.012576937675476074e-01
6.062024831771850586e-01
9.018182754516601562e-01
7.182290554046630859e-01
8.279793858528137207e-01
8.645021915435791016e-01
7.562106847763061523e-01
8.635722994804382324e-01
7.916702628135681152e-01
8.180313110351562500e-01
6.035220026969909668e-01
8.939754962921142578e-01
2.163759171962738037e-01
8.090124130249023438e-01
9.476673603057861328e-01
5.549216270446777344e-01
8.292984962463378906e-01
8.474222421646118164e-01
8.041914105415344238e-01
8.042932748794555664e-01
8.303471803665161133e-01
8.066043257713317871e-01
8.499212265014648438e-01
7.440028190612792969e-01
7.643991708755493164e-01
8.527178764343261719e-01
5.828297138214111328e-01
8.501501679420471191e-01
4.700863361358642578e-01
8.141224384307861328e-01
8.473198413848876953e-01
7.690972089767456055e-01
8.376723527908325195e-01
7.115679383277893066e-01
8.330987691879272461e-01
8.537698388099670410e-01
7.871001958847045898e-01
8.898397088050842285e-01
6.866500973701477051e-01
8.834874629974365234e-01
4.741297364234924316e-01
9.324315786361694336e-01
8.868862390518188477e-01
8.259775042533874512e-01
8.513943552970886230e-01
7.242115736007690430e-01
8.786295056343078613e-01
7.097648382186889648e-01
8.935170173645019531e-01
8.518234491348266602e-01
8.076013326644897461e-01
8.800034523010253906e-01
7.673422098159790039e-01
8.753805160522460938e-01
8.071275949478149414e-01
8.580880761146545410e-01
7.938671112060546875e-01
8.773981332778930664e-01
8.655550479888916016e-01
9.059611558914184570e-01
8.899245262145996094e-01
8.175477385520935059e-01
8.772789835929870605e-01
8.993896842002868652e-01
7.745879292488098145e-01
8.982945084571838379e-01
8.585941791534423828e-01
8.876410126686096191e-01
8.874198198318481445e-01
8.482260704040527344e-01
8.873159289360046387e-01
9.008969068527221680e-01
8.225395083427429199e-01
9.302228689193725586e-01
5.577141046524047852e-01
9.174876213073730469e-01
9.661047458648681641e-01
4.675231277942657471e-01
8.479897379875183105e-01
9.685738682746887207e-01
8.967971801757812500e-01
7.414524555206298828e-01
8.463642597198486328e-01
7.811973094940185547e-01
9.218101501464843750e-01
8.083542585372924805e-01
9.290524721145629883e-01
5.449588298797607422e-01
9.290035963058471680e-01
8.665090799331665039e-01
8.650817275047302246e-01
9.111744165420532227e-01
8.001190423965454102e-01
9.131880998611450195e-01
8.340772390365600586e-01
9.215271472930908203e-01
7.356520891189575195e-01
9.160875082015991211e-01
8.618683815002441406e-01
8.384279012680053711e-01
9.343783855438232422e-01
8.440781831741333008e-01
9.005033373832702637e-01
9.246191978454589844e-01
6.528410315513610840e-01
7.618888020515441895e-01
9.552537202835083008e-01
8.436698913574218750e-01
7.833089232444763184e-01
7.149180173873901367e-01
8.351061940193176270e-01
7.078260183334350586e-01
7.701887488365173340e-01
8.403354883193969727e-01
8.364970684051513672e-01
8.367313742637634277e-01
8.532112836837768555e-01
7.617169618606567383e-01
8.550230264663696289e-01
9.498717784881591797e-01
7.737246751785278320e-01
9.259111285209655762e-01
9.166299104690551758e-01
8.398504257202148438e-01
8.588324785232543945e-01
8.986662626266479492e-01
8.758438825607299805e-01
8.841754198074340820e-01
9.140284061431884766e-01
9.110318422317504883e-01
9.642119407653808594e-01
9.504437446594238281e-01
9.220564365386962891e-01
9.289211034774780273e-01
9.420913457870483398e-01
9.075648188591003418e-01
9.101931452751159668e-01
9.348934888839721680e-01
9.372403025627136230e-01
9.063100814819335938e-01
8.602849245071411133e-01
9.188919067382812500e-01
9.044132828712463379e-01
8.978397846221923828e-01
9.294270277023315430e-01
8.294798135757446289e-01
8.513464927673339844e-01
5.554111599922180176e-01
9.272150993347167969e-01
7.560278177261352539e-01
8.235811591148376465e-01
9.092190861701965332e-01
9.241741299629211426e-01
8.560605049133300781e-01
8.243352174758911133e-01
8.708006739616394043e-01
8.240619897842407227e-01
8.264637589454650879e-01
7.948644161224365234e-01
9.217074513435363770e-01
7.116858363151550293e-01
9.261935949325561523e-01
8.606255054473876953e-01
7.752013802528381348e-01
7.878164052963256836e-01
7.906440496444702148e-01
8.436965942382812500e-01
8.904464244842529297e-01
7.739109396934509277e-01
8.985802531242370605e-01
3.695208430290222168e-01
9.623798131942749023e-01
3.811251521110534668e-01
8.797113895416259766e-01
9.029097557067871094e-01
6.520117521286010742e-01
8.309472799301147461e-01
7.975494861602783203e-01
8.239403963088989258e-01
8.156741857528686523e-01
6.859285831451416016e-01
8.550637960433959961e-01
6.405904293060302734e-01
8.744624257087707520e-01
4.364911913871765137e-01
9.651038050651550293e-01
4.699084460735321045e-01
7.573018670082092285e-01
8.791232109069824219e-01
6.220451593399047852e-01
8.304877281188964844e-01
6.885588169097900391e-01
8.882489204406738281e-01
6.079133749008178711e-01
8.226636648178100586e-01
6.648600101470947266e-01
6.756976842880249023e-01
7.980428934097290039e-01
7.448751926422119141e-01
7.842521667480468750e-01
7.711777687072753906e-01
7.645000219345092773e-01
5.304900407791137695e-01
9.133753776550292969e-01
4.512796998023986816e-01
7.654721736907958984e-01
8.060548901557922363e-01
4.597507119178771973e-01
8.416996002197265625e-01
5.078083872795104980e-01
8.326522111892700195e-01
6.063805818557739258e-01
8.796399831771850586e-01
6.981217861175537109e-01
7.661485671997070312e-01
8.582236766815185547e-01
5.090879797935485840e-01
8.487076759338378906e-01
7.313106060028076172e-01
6.322914361953735352e-01
8.312166333198547363e-01
7.678501605987548828e-01
6.854562163352966309e-01
6.684997081756591797e-01
8.315867185592651367e-01
5.076361894607543945e-01
8.949159383773803711e-01
6.840255260467529297e-01
8.707330226898193359e-01
5.711622834205627441e-01
7.350540161132812500e-01
3.686152696609497070e-01
7.585957050323486328e-01
7.043870687484741211e-01
7.049608826637268066e-01
7.247292995452880859e-01
6.843268871307373047e-01
7.394125461578369141e-01
7.964607477188110352e-01
7.292158603668212891e-01
8.577461242675781250e-01
7.198885679244995117e-01
8.921257257461547852e-01
8.716564178466796875e-01
6.477715969085693359e-01
8.635914325714111328e-01
4.335578083992004395e-01
8.906369209289550781e-01
4.403963387012481689e-01
8.318524956703186035e-01
4.421577751636505127e-01
7.630406618118286133e-01
8.215816617012023926e-01
6.701986193656921387e-01
5.911896824836730957e-01
7.835472226142883301e-01
7.088024616241455078e-01
7.158701419830322266e-01
8.110803365707397461e-01
7.016060352325439453e-01
7.703966498374938965e-01
7.894913554191589355e-01
7.686377763748168945e-01
7.256209850311279297e-01
8.068423867225646973e-01
7.379419207572937012e-01
9.198685288429260254e-01
7.644193172454833984e-01
8.768439292907714844e-01
9.122533798217773438e-01
8.930320739746093750e-01
8.263311982154846191e-01
8.325552940368652344e-01
7.313271164894104004e-01
9.153956770896911621e-01
6.389195322990417480e-01
9.010288715362548828e-01
8.263162970542907715e-01
8.029683828353881836e-01
2.535314261913299561e-01
9.217462539672851562e-01
7.835956215858459473e-01
8.984856605529785156e-01
4.270606040954589844e-01
8.989058136940002441e-01
8.715953230857849121e-01
7.419563531875610352e-01
8.477513790130615234e-01
6.684968471527099609e-01
7.599065899848937988e-01
6.784682869911193848e-01
7.818911075592041016e-01
7.686536312103271484e-01
8.752326369285583496e-01
8.234415650367736816e-01
8.459731340408325195e-01
8.276218771934509277e-01
7.461192607879638672e-01
8.305658102035522461e-01
6.533660888671875000e-01
8.612527847290039062e-01
7.644299268722534180e-01
7.247016429901123047e-01
6.928932666778564453e-01
9.048128724098205566e-01
7.186957597732543945e-01
7.927197217941284180e-01
9.174595475196838379e-01
4.235184192657470703e-01
9.213553071022033691e-01
8.965985774993896484e-01
8.170663714408874512e-01
8.163769245147705078e-01
8.308931589126586914e-01
6.392993330955505371e-01
8.664391040802001953e-01
5.732121467590332031e-01
9.034255146980285645e-01
8.288031816482543945e-01
8.527590036392211914e-01
7.415968179702758789e-01
8.200948238372802734e-01
6.353898644447326660e-01
8.791551589965820312e-01
7.757136821746826172e-01
8.141417503356933594e-01
7.096038460731506348e-01
8.771311044692993164e-01
6.387096643447875977e-01
8.417686223983764648e-01
4.381793737411499023e-01
9.039119482040405273e-01
9.156543612480163574e-01
6.156032085418701172e-01
7.266327142715454102e-01
8.478903174400329590e-01
8.602901101112365723e-01
9.067296385765075684e-01
7.870091795921325684e-01
8.568785190582275391e-01
8.664573431015014648e-01
7.986432313919067383e-01
8.787914514541625977e-01
8.000820279121398926e-01
8.869420289993286133e-01
9.005448222160339355e-01
8.872673511505126953e-01
8.521879911422729492e-01
7.195887565612792969e-01
8.835669755935668945e-01
6.758179664611816406e-01
8.763207793235778809e-01
8.944281935691833496e-01
9.016652107238769531e-01
8.731956481933593750e-01
8.799056410789489746e-01
8.663870096206665039e-01
6.105480194091796875e-01
9.240111112594604492e-01
5.340330600738525391e-01
7.631641626358032227e-01
9.484243392944335938e-01
9.107207059860229492e-01
8.417462110519409180e-01
8.788483738899230957e-01
9.022400379180908203e-01
6.375272274017333984e-01
8.826152086257934570e-01
5.627063512802124023e-01
8.784239888191223145e-01
8.645822405815124512e-01
7.612019181251525879e-01
8.294402956962585449e-01
6.586581468582153320e-01
8.800361156463623047e-01
3.004471659660339355e-01
8.866698741912841797e-01
3.918011188507080078e-01
9.065479040145874023e-01
7.138549089431762695e-01
6.895058155059814453e-01
8.010672926902770996e-01
6.654498577117919922e-01
7.752659320831298828e-01
8.074737191200256348e-01
7.891862392425537109e-01
6.949774622917175293e-01
7.851332426071166992e-01
6.322238445281982422e-01
8.803097009658813477e-01
7.048149108886718750e-01
8.149130344390869141e-01
7.988214492797851562e-01
6.050614118576049805e-01
8.776396512985229492e-01
7.219753861427307129e-01
8.250559568405151367e-01
6.593227386474609375e-01
8.201140165328979492e-01
6.643306016921997070e-01
7.623754739761352539e-01
8.121637701988220215e-01
7.522078156471252441e-01
7.668288946151733398e-01
8.130337595939636230e-01
5.809881687164306641e-01
8.933426737785339355e-01
7.012524604797363281e-01
7.888740301132202148e-01
8.489928841590881348e-01
5.442439317703247070e-01
8.826613426208496094e-01
8.238426446914672852e-01
7.529835700988769531e-01
9.119646549224853516e-01
5.645750761032104492e-01
8.270252346992492676e-01
8.503326177597045898e-01
6.852403283119201660e-01
9.089712500572204590e-01
4.392305314540863037e-01
8.988673686981201172e-01
7.797393798828125000e-01
9.117754101753234863e-01
9.166156649589538574e-01
9.066237807273864746e-01
7.130886316299438477e-01
8.831892609596252441e-01
6.892871260643005371e-01
8.484377264976501465e-01
7.502540946006774902e-01
7.470669746398925781e-01
9.260261058807373047e-01
5.553324222564697266e-01
8.658906817436218262e-01
8.357418775558471680e-01
6.143409013748168945e-01
8.024653196334838867e-01
6.678065061569213867e-01
8.776174783706665039e-01
7.286118865013122559e-01
8.508740663528442383e-01
6.910450458526611328e-01
8.786820173263549805e-01
4.666056334972381592e-01
9.205759763717651367e-01
8.073663115501403809e-01
8.220392465591430664e-01
9.129952788352966309e-01
5.960184335708618164e-01
8.661415576934814453e-01
6.488165855407714844e-01
8.203692436218261719e-01
8.195024132728576660e-01
8.854304552078247070e-01
8.298001885414123535e-01
8.862413763999938965e-01
8.346332311630249023e-01
7.600080966949462891e-01
7.919752597808837891e-01
6.777703166007995605e-01
8.141320347785949707e-01
7.916903495788574219e-01
8.633488416671752930e-01
8.059882521629333496e-01
8.991000056266784668e-01
8.560504913330078125e-01
8.397575616836547852e-01
7.870455384254455566e-01
8.565100431442260742e-01
8.067524433135986328e-01
8.300443291664123535e-01
8.850057125091552734e-01
8.414254188537597656e-01
5.674094557762145996e-01
9.689053297042846680e-01
2.143993973731994629e-01
8.655886650085449219e-01
8.306750059127807617e-01
5.647286772727966309e-01
9.714199900627136230e-01
2.532655596733093262e-01
8.943634033203125000e-01
9.500124454498291016e-01
6.443712711334228516e-01
8.531241416931152344e-01
8.891309499740600586e-01
7.447736263275146484e-01
8.119654655456542969e-01
7.501559257507324219e-01
7.930383682250976562e-01
6.606899499893188477e-01
8.281824588775634766e-01
7.242130041122436523e-01
8.504747152328491211e-01
8.131176233291625977e-01
7.341364622116088867e-01
8.850168585777282715e-01
6.234840154647827148e-01
8.806105852127075195e-01
7.251301407814025879e-01
8.418919444084167480e-01
8.793050050735473633e-01
7.658026218414306641e-01
8.749849200248718262e-01
8.883490562438964844e-01
8.138471841812133789e-01
7.747318744659423828e-01
7.533633708953857422e-01
8.565756678581237793e-01
7.924897670745849609e-01
8.143094182014465332e-01
8.874802589416503906e-01
7.369145154953002930e-01
7.901445031166076660e-01
5.603936910629272461e-01
9.144433736801147461e-01
8.394063711166381836e-01
7.861195802688598633e-01
8.712160587310791016e-01
3.927827775478363037e-01
9.334037303924560547e-01
4.969354271888732910e-01
8.918642997741699219e-01
7.827812433242797852e-01
8.251666426658630371e-01
7.747441530227661133e-01
7.862857580184936523e-01
8.337398767471313477e-01
8.537158370018005371e-01
8.799768686294555664e-01
7.705655694007873535e-01
7.977862358093261719e-01
8.646805286407470703e-01
7.129944562911987305e-01
8.717160224914550781e-01
8.262102603912353516e-01
7.612601518630981445e-01
7.866132259368896484e-01
8.488941192626953125e-01
7.822010517120361328e-01
8.567512035369873047e-01
8.566357493400573730e-01
8.428907394409179688e-01
7.499664425849914551e-01
8.569808006286621094e-01
6.073614954948425293e-01
9.182503223419189453e-01
5.501043796539306641e-01
8.855036497116088867e-01
6.909203529357910156e-01
8.298611640930175781e-01
6.539175510406494141e-01
8.296062350273132324e-01
4.468544423580169678e-01
9.148063063621520996e-01
8.084648847579956055e-01
8.231840133666992188e-01
5.450992584228515625e-01
9.517853260040283203e-01
3.678935468196868896e-01
8.104389905929565430e-01
8.175869584083557129e-01
7.622087001800537109e-01
7.055114507675170898e-01
7.653150558471679688e-01
5.075953602790832520e-01
8.820674419403076172e-01
6.055272817611694336e-01
8.001934289932250977e-01
7.803506255149841309e-01
6.078465580940246582e-01
7.444880008697509766e-01
6.542284488677978516e-01
8.763995766639709473e-01
6.920416355133056641e-01
8.638887405395507812e-01
4.958141446113586426e-01
9.120060205459594727e-01
7.219448685646057129e-01
7.899897098541259766e-01
9.162082076072692871e-01
4.608073830604553223e-01
8.590704202651977539e-01
8.276973962783813477e-01
6.785205602645874023e-01
8.046672940254211426e-01
7.027097940444946289e-01
7.315237522125244141e-01
8.172996044158935547e-01
6.696571111679077148e-01
9.404792785644531250e-01
6.329503059387207031e-01
9.010702371597290039e-01
7.182414531707763672e-01
8.489050865173339844e-01
7.960978746414184570e-01
7.846849560737609863e-01
8.212156891822814941e-01
7.308118343353271484e-01
8.759982585906982422e-01
7.903590202331542969e-01
7.037729024887084961e-01
9.028843641281127930e-01
6.409229636192321777e-01
8.377606272697448730e-01
9.341965913772583008e-01
8.188669681549072266e-01
8.632035851478576660e-01
8.883533477783203125e-01
7.464494705200195312e-01
8.700519800186157227e-01
6.970208287239074707e-01
8.771857619285583496e-01
6.455326676368713379e-01
8.539312481880187988e-01
6.905871629714965820e-01
8.557992577552795410e-01
7.903109192848205566e-01
4.692606925964355469e-01
8.904817104339599609e-01
4.197726249694824219e-01
9.258328080177307129e-01
8.820269107818603516e-01
7.819359302520751953e-01
9.149873256683349609e-01
3.989124894142150879e-01
9.802616834640502930e-01
4.761288166046142578e-01
7.262644767761230469e-01
9.448841214179992676e-01
7.745620012283325195e-01
7.982704639434814453e-01
8.081070780754089355e-01
6.364578008651733398e-01
8.149259686470031738e-01
6.189166307449340820e-01
8.218142390251159668e-01
8.332492113113403320e-01
8.331725001335144043e-01
7.174842953681945801e-01
9.006421566009521484e-01
7.287118434906005859e-01
8.410810232162475586e-01
9.085433483123779297e-01
8.401628732681274414e-01
8.583005666732788086e-01
8.016799688339233398e-01
8.488368988037109375e-01
8.537617325782775879e-01
8.876801729202270508e-01
7.175096273422241211e-01
8.540393114089965820e-01
7.828463315963745117e-01
8.114340305328369141e-01
8.652435541152954102e-01
7.483869791030883789e-01
8.589815497398376465e-01
6.160926818847656250e-01
9.029934406280517578e-01
6.271871328353881836e-01
7.582267522811889648e-01
9.051304459571838379e-01
4.579330086708068848e-01
8.995683193206787109e-01
7.470870614051818848e-01
8.575667142868041992e-01
7.455868124961853027e-01
8.561807870864868164e-01
8.701064586639404297e-01
6.539669632911682129e-01
9.081901311874389648e-01
7.922462224960327148e-01
8.244965672492980957e-01
8.024343848228454590e-01
8.293533325195312500e-01
7.685137391090393066e-01
7.470893859863281250e-01
8.656975030899047852e-01
6.234709024429321289e-01
9.171388149261474609e-01
3.995273411273956299e-01
9.328196048736572266e-01
8.147151470184326172e-01
8.235470056533813477e-01
8.013970255851745605e-01
8.231357336044311523e-01
6.626504063606262207e-01
8.441995978355407715e-01
3.978071808815002441e-01
9.480633139610290527e-01
7.107936143875122070e-01
9.049314260482788086e-01
6.482071280479431152e-01
9.087162613868713379e-01
6.908554434776306152e-01
8.630235791206359863e-01
7.134100794792175293e-01
7.423403859138488770e-01
8.798114061355590820e-01
4.473637342453002930e-01
9.537408351898193359e-01
4.772554039955139160e-01
9.396072030067443848e-01
8.187370896339416504e-01
8.605126142501831055e-01
8.887535333633422852e-01
6.796345114707946777e-01
8.861310482025146484e-01
7.412691116333007812e-01
8.685424327850341797e-01
8.063814640045166016e-01
8.900504112243652344e-01
8.057070970535278320e-01
8.902505040168762207e-01
8.469601273536682129e-01
8.348115682601928711e-01
9.045078754425048828e-01
7.185090184211730957e-01
7.447818517684936523e-01
7.624319791793823242e-01
7.581242322921752930e-01
7.282236814498901367e-01
8.070406317710876465e-01
7.318280935287475586e-01
8.067878484725952148e-01
7.756501436233520508e-01
7.102297544479370117e-01
8.290551900863647461e-01
6.419506669044494629e-01
8.670647740364074707e-01
8.399738073348999023e-01
7.981371879577636719e-01
8.360040783882141113e-01
6.287147998809814453e-01
9.442448019981384277e-01
4.716723561286926270e-01
9.048932790756225586e-01
8.989098072052001953e-01
7.048391103744506836e-01
9.132061004638671875e-01
2.805304527282714844e-01
9.003746509552001953e-01
6.031534671783447266e-01
8.065521717071533203e-01
8.910347223281860352e-01
7.842655181884765625e-01
8.233888149261474609e-01
8.104217648506164551e-01
8.057088255882263184e-01
7.825130820274353027e-01
7.453095912933349609e-01
7.008990645408630371e-01
8.080345392227172852e-01
8.509185314178466797e-01
8.318743705749511719e-01
7.754685878753662109e-01
9.079957008361816406e-01
6.012753844261169434e-01
8.954187631607055664e-01
7.992066740989685059e-01
6.922378540039062500e-01
8.837981820106506348e-01
5.409531593322753906e-01
9.259684085845947266e-01
7.344812154769897461e-01
9.386957883834838867e-01
5.502315163612365723e-01
8.406780958175659180e-01
8.208107948303222656e-01
6.396698951721191406e-01
7.269629240036010742e-01
6.426717042922973633e-01
8.838518261909484863e-01
6.043128967285156250e-01
8.883450031280517578e-01
7.370601892471313477e-01
8.926542997360229492e-01
6.836537122726440430e-01
9.031335115432739258e-01
4.873340725898742676e-01
8.959112167358398438e-01
6.437970399856567383e-01
9.311596751213073730e-01
7.405502200126647949e-01
7.627477645874023438e-01
8.861425518989562988e-01
7.707707881927490234e-01
7.026177048683166504e-01
8.935279846191406250e-01
6.282674074172973633e-01
9.323525428771972656e-01
6.872478723526000977e-01
9.156303405761718750e-01
7.177302837371826172e-01
7.940130233764648438e-01
9.092895388603210449e-01
4.890465140342712402e-01
9.435915946960449219e-01
6.508243083953857422e-01
8.893759250640869141e-01
9.387806653976440430e-01
8.126665353775024414e-01
6.854531168937683105e-01
9.192204475402832031e-01
3.868536353111267090e-01
9.422326087951660156e-01
7.757569551467895508e-01
8.458400964736938477e-01
6.095894575119018555e-01
8.811051845550537109e-01
5.274267196655273438e-01
9.562886953353881836e-01
3.035484552383422852e-01
8.751694560050964355e-01
9.469646215438842773e-01
4.365212023258209229e-01
9.101527929306030273e-01
8.937429189682006836e-01
6.896016597747802734e-01
9.148005247116088867e-01
2.061978280544281006e-01
9.466737508773803711e-01
7.399308681488037109e-01
8.364354968070983887e-01
7.663332223892211914e-01
7.547805309295654297e-01
7.261717915534973145e-01
3.580758869647979736e-01
9.549990892410278320e-01
6.151849031448364258e-01
8.310496211051940918e-01
6.951712965965270996e-01
8.868501186370849609e-01
5.623233914375305176e-01
8.573350906372070312e-01
7.744849920272827148e-01
8.558679819107055664e-01
8.077052235603332520e-01
8.992694616317749023e-01
6.164604425430297852e-01
8.755328655242919922e-01
6.865293979644775391e-01
7.634066343307495117e-01
8.432258367538452148e-01
7.820449471473693848e-01
8.818465471267700195e-01
8.598530292510986328e-01
7.840144634246826172e-01
8.476299047470092773e-01
7.499219179153442383e-01
8.196972608566284180e-01
7.513450384140014648e-01
7.652586102485656738e-01
7.763205170631408691e-01
7.373366355895996094e-01
7.884222269058227539e-01
7.536044716835021973e-01
7.492153644561767578e-01
8.611655235290527344e-01
5.890450477600097656e-01
8.835478425025939941e-01
6.086894869804382324e-01
8.681538105010986328e-01
9.188708066940307617e-01
6.716390252113342285e-01
9.469852447509765625e-01
7.365213632583618164e-01
8.417981863021850586e-01
8.336198925971984863e-01
6.309801340103149414e-01
8.620305061340332031e-01
5.390391349792480469e-01
8.777078390121459961e-01
8.964810371398925781e-01
7.031562328338623047e-01
9.367100000381469727e-01
5.843528509140014648e-01
9.013188481330871582e-01
9.370546340942382812e-01
6.087455153465270996e-01
8.668044805526733398e-01
4.824039340019226074e-01
9.154356718063354492e-01
7.240066528320312500e-01
8.085129261016845703e-01
7.871826887130737305e-01
6.002104282379150391e-01
8.975687026977539062e-01
4.872780442237854004e-01
8.259249925613403320e-01
9.069867134094238281e-01
6.335554122924804688e-01
8.950885534286499023e-01
8.110756278038024902e-01
8.498871326446533203e-01
8.933391571044921875e-01
8.750979900360107422e-01
8.668451905250549316e-01
6.991463899612426758e-01
9.138549566268920898e-01
8.266732692718505859e-01
7.021209001541137695e-01
3.838558793067932129e-01
9.106078147888183594e-01
4.738062024116516113e-01
8.736174106597900391e-01
7.724585533142089844e-01
7.547142505645751953e-01
8.074345588684082031e-01
6.798849105834960938e-01
8.458189368247985840e-01
5.900214910507202148e-01
8.875605463981628418e-01
3.877115547657012939e-01
8.867633342742919922e-01
9.252535104751586914e-01
4.657155573368072510e-01
8.842765688896179199e-01
7.399461269378662109e-01
5.240038633346557617e-01
8.288344144821166992e-01
6.017450690269470215e-01
8.412536382675170898e-01
8.653831481933593750e-01
7.796164751052856445e-01
7.676711678504943848e-01
7.747193574905395508e-01
7.713661193847656250e-01
8.044596910476684570e-01
8.443986177444458008e-01
5.881760716438293457e-01
8.879505395889282227e-01
6.259300708770751953e-01
9.038685560226440430e-01
7.052918672561645508e-01
8.594571352005004883e-01
5.878071188926696777e-01
9.353522062301635742e-01
7.335609793663024902e-01
8.229290246963500977e-01
8.779170513153076172e-01
6.356598138809204102e-01
9.397689700126647949e-01
7.747707962989807129e-01
7.998995780944824219e-01
7.767177820205688477e-01
8.177306056022644043e-01
7.951546907424926758e-01
8.582681417465209961e-01
7.487810850143432617e-01
8.218809962272644043e-01
5.836263895034790039e-01
8.612507581710815430e-01
6.985592842102050781e-01
7.983931899070739746e-01
8.362312316894531250e-01
6.479942798614501953e-01
8.475797176361083984e-01
7.558109760284423828e-01
8.630948066711425781e-01
7.801908254623413086e-01
6.838055849075317383e-01
8.324496746063232422e-01
4.889469146728515625e-01
9.162012338638305664e-01
5.365727543830871582e-01
9.062902927398681641e-01
7.581535577774047852e-01
9.099750518798828125e-01
8.421797752380371094e-01
6.894012689590454102e-01
8.904789686203002930e-01
6.221920251846313477e-01
8.475663065910339355e-01
8.760759830474853516e-01
8.446696400642395020e-01
7.930374741554260254e-01
6.488944888114929199e-01
8.521451950073242188e-01
7.020489573478698730e-01
8.313032388687133789e-01
8.334848880767822266e-01
7.182844877243041992e-01
7.760555744171142578e-01
7.612093687057495117e-01
8.899036645889282227e-01
8.481577634811401367e-01
8.335810303688049316e-01
7.835417985916137695e-01
7.952972054481506348e-01
7.142430543899536133e-01
9.006216526031494141e-01
6.355704665184020996e-01
8.762696981430053711e-01
8.139821290969848633e-01
7.373998761177062988e-01
8.309104442596435547e-01
4.593567848205566406e-01
9.602546691894531250e-01
6.956981420516967773e-01
8.918598890304565430e-01
5.768336653709411621e-01
8.041088581085205078e-01
5.759373903274536133e-01
8.623337149620056152e-01
6.798410415649414062e-01
7.642760872840881348e-01
7.928553819656372070e-01
7.695970535278320312e-01
8.375324010848999023e-01
6.309276819229125977e-01
9.500554203987121582e-01
4.716579020023345947e-01
9.428011178970336914e-01
3.297474384307861328e-01
8.056875467300415039e-01
9.127805233001708984e-01
6.839855909347534180e-01
7.119808197021484375e-01
7.331875562667846680e-01
6.618987321853637695e-01
6.228746771812438965e-01
7.639341950416564941e-01
1.738457679748535156e-01
9.453670978546142578e-01
6.362115740776062012e-01
7.329329252243041992e-01
9.343103170394897461e-01
6.851434707641601562e-01
8.591156005859375000e-01
7.543181180953979492e-01
8.758021593093872070e-01
7.040390372276306152e-01
7.375899553298950195e-01
7.470577955245971680e-01
8.096876144409179688e-01
8.239403963088989258e-01
8.892285227775573730e-01
8.249443769454956055e-01
7.553625106811523438e-01
8.154482245445251465e-01
7.973225116729736328e-01
7.104034423828125000e-01
8.386764526367187500e-01
6.590167284011840820e-01
8.035382628440856934e-01
8.715585470199584961e-01
5.410103201866149902e-01
9.833319783210754395e-01
5.833887457847595215e-01
7.378499507904052734e-01
8.547564744949340820e-01
7.977267503738403320e-01
6.541455984115600586e-01
7.999168634414672852e-01
8.632204532623291016e-01
7.118480801582336426e-01
7.762985229492187500e-01
8.680440187454223633e-01
7.901768684387207031e-01
6.977818012237548828e-01
9.090343117713928223e-01
6.568095088005065918e-01
7.693980932235717773e-01
8.949908614158630371e-01
4.912956953048706055e-01
8.985384702682495117e-01
6.115679740905761719e-01
8.268150687217712402e-01
8.637685179710388184e-01
7.305918931961059570e-01
7.496933341026306152e-01
8.369240760803222656e-01
7.783292531967163086e-01
8.211525678634643555e-01
7.015261650085449219e-01
8.440268039703369141e-01
4.384915828704833984e-01
9.209041595458984375e-01
5.471863746643066406e-01
8.844324350357055664e-01
7.078006267547607422e-01
8.358087539672851562e-01
8.254702687263488770e-01
7.418838143348693848e-01
8.267751932144165039e-01
6.742295026779174805e-01
8.204392194747924805e-01
8.447905778884887695e-01
6.120800375938415527e-01
8.182004690170288086e-01
8.717340826988220215e-01
7.760550975799560547e-01
8.422057628631591797e-01
7.239646315574645996e-01
9.031796455383300781e-01
4.688929319381713867e-01
8.965024948120117188e-01
5.066970586776733398e-01
9.126740694046020508e-01
8.491816520690917969e-01
8.194019794464111328e-01
7.534962892532348633e-01
8.433361053466796875e-01
8.002142906188964844e-01
7.402632832527160645e-01
7.638164758682250977e-01
7.955980300903320312e-01
6.245241165161132812e-01
8.472763895988464355e-01
8.047038316726684570e-01
7.098449468612670898e-01
7.671552896499633789e-01
8.389788866043090820e-01
6.910855770111083984e-01
8.759481310844421387e-01
7.367255687713623047e-01
9.051143527030944824e-01
8.479732275009155273e-01
6.509014964103698730e-01
9.084346890449523926e-01
6.923922896385192871e-01
8.922908902168273926e-01
9.106380939483642578e-01
8.155538439750671387e-01
7.343506217002868652e-01
8.163844943046569824e-01
6.681222319602966309e-01
7.669684290885925293e-01
8.226336836814880371e-01
7.575393915176391602e-01
7.882033586502075195e-01
8.751980066299438477e-01
6.085414886474609375e-01
8.833619356155395508e-01
8.181117177009582520e-01
8.407061100006103516e-01
8.065673112869262695e-01
5.622280836105346680e-01
8.846582174301147461e-01
8.875236511230468750e-01
9.210994839668273926e-01
9.668142795562744141e-01
8.206844329833984375e-01
9.224153757095336914e-01
7.709860801696777344e-01
8.844839930534362793e-01
6.853717565536499023e-01
9.232851862907409668e-01
7.005298137664794922e-01
9.420635700225830078e-01
8.904858827590942383e-01
7.852606773376464844e-01
7.877744436264038086e-01
7.774410843849182129e-01
8.398292064666748047e-01
8.926873207092285156e-01
6.995931863784790039e-01
8.675449490547180176e-01
5.607165098190307617e-01
9.127748608589172363e-01
6.470528841018676758e-01
9.291585683822631836e-01
8.379421234130859375e-01
8.042427301406860352e-01
8.772746324539184570e-01
7.675498723983764648e-01
7.456390857696533203e-01
9.319391846656799316e-01
7.847921848297119141e-01
8.642727136611938477e-01
8.684645295143127441e-01
4.991778731346130371e-01
9.407902956008911133e-01
7.805024981498718262e-01
7.929695844650268555e-01
7.993222475051879883e-01
6.827756166458129883e-01
9.519364237785339355e-01
4.550192356109619141e-01
9.660403132438659668e-01
5.570084452629089355e-01
9.059975147247314453e-01
6.887192130088806152e-01
7.776146531105041504e-01
7.136359214782714844e-01
7.347027659416198730e-01
7.378970384597778320e-01
7.914190888404846191e-01
7.979719042778015137e-01
7.806582450866699219e-01
8.134078979492187500e-01
7.645988464355468750e-01
7.751891016960144043e-01
4.614269435405731201e-01
9.511538743972778320e-01
7.207514047622680664e-01
8.205803036689758301e-01
6.542623639106750488e-01
8.767453432083129883e-01
8.125651478767395020e-01
8.291306495666503906e-01
7.963129281997680664e-01
8.204543590545654297e-01
7.998563051223754883e-01
6.596937179565429688e-01
8.947446942329406738e-01
3.652739822864532471e-01
9.518982172012329102e-01
6.782183647155761719e-01
8.282032608985900879e-01
7.797181010246276855e-01
3.179708719253540039e-01
9.433846473693847656e-01
7.164661288261413574e-01
8.924753665924072266e-01
8.247839212417602539e-01
8.483601808547973633e-01
8.016355037689208984e-01
6.643068790435791016e-01
8.359798192977905273e-01
6.675565242767333984e-01
8.064999580383300781e-01
7.791804075241088867e-01
7.826223969459533691e-01
6.778469085693359375e-01
8.837238550186157227e-01
5.681014657020568848e-01
9.012686014175415039e-01
8.056068420410156250e-01
8.258459568023681641e-01
8.117308616638183594e-01
8.262535929679870605e-01
7.588323354721069336e-01
8.782284259796142578e-01
6.860163211822509766e-01
7.841725945472717285e-01
8.784316182136535645e-01
7.428852915763854980e-01
7.704930305480957031e-01
8.108364343643188477e-01
6.921496391296386719e-01
7.853432893753051758e-01
6.452826261520385742e-01
6.153109073638916016e-01
9.318795800209045410e-01
6.784858703613281250e-01
7.315374612808227539e-01
9.274641275405883789e-01
4.398118257522583008e-01
9.073828458786010742e-01
8.508101105690002441e-01
6.835768222808837891e-01
8.794640898704528809e-01
5.901376605033874512e-01
8.941136598587036133e-01
5.720613002777099609e-01
8.966249823570251465e-01
7.827975153923034668e-01
8.609594702720642090e-01
8.291176557540893555e-01
8.111300468444824219e-01
7.773653268814086914e-01
8.068743944168090820e-01
7.489641904830932617e-01
7.880381345748901367e-01
8.135472536087036133e-01
8.887947797775268555e-01
7.083034515380859375e-01
8.825930356979370117e-01
8.441928029060363770e-01
7.062001228332519531e-01
8.949782848358154297e-01
6.755058765411376953e-01
8.623958230018615723e-01
8.858906030654907227e-01
7.761878967285156250e-01
8.653252124786376953e-01
7.672200798988342285e-01
7.423689961433410645e-01
9.364827275276184082e-01
7.521641254425048828e-01
8.300813436508178711e-01
8.893951177597045898e-01
6.923521161079406738e-01
8.784999847412109375e-01
7.404212951660156250e-01
8.869514465332031250e-01
8.199604153633117676e-01
8.532738685607910156e-01
8.385569453239440918e-01
7.268623709678649902e-01
8.976411819458007812e-01
4.541220963001251221e-01
9.768406152725219727e-01
6.698095798492431641e-01
8.502123355865478516e-01
8.203694224357604980e-01
7.417836189270019531e-01
9.294873476028442383e-01
5.835278034210205078e-01
8.956567049026489258e-01
6.990396380424499512e-01
8.350966572761535645e-01
9.291889071464538574e-01
7.295156717300415039e-01
7.653309106826782227e-01
8.359357118606567383e-01
7.568497061729431152e-01
8.446916341781616211e-01
6.628240346908569336e-01
9.209787845611572266e-01
4.299518465995788574e-01
9.379637241363525391e-01
2.755134105682373047e-01
8.800499439239501953e-01
7.061146497726440430e-01
6.675356626510620117e-01
7.798526287078857422e-01
6.295315623283386230e-01
6.972186565399169922e-01
7.934336662292480469e-01
6.279600858688354492e-01
8.307878971099853516e-01
5.012895464897155762e-01
8.533353805541992188e-01
7.304067611694335938e-01
8.510419130325317383e-01
8.398580551147460938e-01
8.541851639747619629e-01
8.656829595565795898e-01
8.204882144927978516e-01
7.549084424972534180e-01
8.553523421287536621e-01
7.181902527809143066e-01
8.514176607131958008e-01
8.893252611160278320e-01
7.545942068099975586e-01
7.901344895362854004e-01
8.869709372520446777e-01
5.912575721740722656e-01
9.081212282180786133e-01
9.155387878417968750e-01
8.148499727249145508e-01
7.092784643173217773e-01
9.099394083023071289e-01
6.557197570800781250e-01
8.010938167572021484e-01
9.523578882217407227e-01
8.830444812774658203e-01
8.745642304420471191e-01
7.911311388015747070e-01
8.737903237342834473e-01
7.485957741737365723e-01
6.778805255889892578e-01
8.483069539070129395e-01
6.132956743240356445e-01
9.096053838729858398e-01
8.733443021774291992e-01
7.954142689704895020e-01
8.053504824638366699e-01
8.640111684799194336e-01
6.258209943771362305e-01
8.732280135154724121e-01
7.438673377037048340e-01
7.194917201995849609e-01
9.309368133544921875e-01
7.181618809700012207e-01
8.760223388671875000e-01
7.193138003349304199e-01
7.903945446014404297e-01
7.354881763458251953e-01
8.057028055191040039e-01
9.155287742614746094e-01
7.061543464660644531e-01
8.441451191902160645e-01
6.800379753112792969e-01
8.224250078201293945e-01
5.930930376052856445e-01
8.683400750160217285e-01
6.362298130989074707e-01
9.069244861602783203e-01
8.515512943267822266e-01
6.984320878982543945e-01
9.250575304031372070e-01
7.696665525436401367e-01
7.746672034263610840e-01
9.071599245071411133e-01
8.187556862831115723e-01
7.634128332138061523e-01
9.003140330314636230e-01
6.623460054397583008e-01
8.037074804306030273e-01
8.235986232757568359e-01
7.539105415344238281e-01
8.870711922645568848e-01
7.357141971588134766e-01
8.109029531478881836e-01
8.553107976913452148e-01
6.874070763587951660e-01
7.935318946838378906e-01
6.662732362747192383e-01
8.787410259246826172e-01
8.342243432998657227e-01
8.034625053405761719e-01
8.216697573661804199e-01
8.091443777084350586e-01
8.061369657516479492e-01
6.447631716728210449e-01
9.127331972122192383e-01
3.882406055927276611e-01
9.220305681228637695e-01
6.603131294250488281e-01
9.261682033538818359e-01
5.882062315940856934e-01
9.267519116401672363e-01
2.512508630752563477e-01
9.214905500411987305e-01
8.287617564201354980e-01
5.360674858093261719e-01
9.241133332252502441e-01
4.797483086585998535e-01
8.240835666656494141e-01
8.988307714462280273e-01
7.132278680801391602e-01
7.271785736083984375e-01
9.434216618537902832e-01
5.022901296615600586e-01
9.030410647392272949e-01
7.101137042045593262e-01
8.280023336410522461e-01
8.230706453323364258e-01
6.579203605651855469e-01
8.118642568588256836e-01
5.821179747581481934e-01
9.271090030670166016e-01
7.844315767288208008e-01
7.425274252891540527e-01
8.743966817855834961e-01
6.892749071121215820e-01
8.174340724945068359e-01
6.887316107749938965e-01
7.983339428901672363e-01
8.256338238716125488e-01
6.113380789756774902e-01
9.191074371337890625e-01
4.840602874755859375e-01
8.731017112731933594e-01
7.606970667839050293e-01
8.780616521835327148e-01
6.375705599784851074e-01
8.335729837417602539e-01
7.543423175811767578e-01
8.054115772247314453e-01
6.678422689437866211e-01
9.019967913627624512e-01
7.601194381713867188e-01
8.188468217849731445e-01
8.265525698661804199e-01
7.023905515670776367e-01
8.325937390327453613e-01
8.263362646102905273e-01
6.219763159751892090e-01
9.155104160308837891e-01
7.064881324768066406e-01
8.027150630950927734e-01
8.829076886177062988e-01
7.653460502624511719e-01
8.151226043701171875e-01
8.164371252059936523e-01
7.708216905593872070e-01
9.088430404663085938e-01
7.280172109603881836e-01
8.642500042915344238e-01
8.595313429832458496e-01
7.107790708541870117e-01
8.869557380676269531e-01
6.592003703117370605e-01
8.787844181060791016e-01
6.423298120498657227e-01
8.962440490722656250e-01
7.049101591110229492e-01
9.031611084938049316e-01
8.421221971511840820e-01
4.951790571212768555e-01
9.157086610794067383e-01
2.524574100971221924e-01
9.775774478912353516e-01
5.864731073379516602e-01
8.416783213615417480e-01
9.418302774429321289e-01
7.498405575752258301e-01
7.882372140884399414e-01
8.670719861984252930e-01
6.497535705566406250e-01
8.695691227912902832e-01
6.719356179237365723e-01
8.219232559204101562e-01
6.798333525657653809e-01
8.594714403152465820e-01
6.611372232437133789e-01
9.089921712875366211e-01
4.935972690582275391e-01
8.356027007102966309e-01
7.490145564079284668e-01
7.747052907943725586e-01
8.142646551132202148e-01
8.325969576835632324e-01
7.487331032752990723e-01
8.155556917190551758e-01
5.631037354469299316e-01
9.388031959533691406e-01
6.544052362442016602e-01
8.785078525543212891e-01
8.496134281158447266e-01
7.310631275177001953e-01
7.449241876602172852e-01
7.306424379348754883e-01
6.878200173377990723e-01
8.313429355621337891e-01
5.644102096557617188e-01
8.606609702110290527e-01
9.211387634277343750e-01
5.971143245697021484e-01
8.890019655227661133e-01
8.813121914863586426e-01
6.951951980590820312e-01
8.843284249305725098e-01
8.217091560363769531e-01
8.147328495979309082e-01
8.736710548400878906e-01
7.508810758590698242e-01
8.858743906021118164e-01
4.962325990200042725e-01
8.983557224273681641e-01
5.706375837326049805e-01
9.234673976898193359e-01
7.295380830764770508e-01
8.646095991134643555e-01
6.696969270706176758e-01
8.558211922645568848e-01
6.897789835929870605e-01
8.000227808952331543e-01
7.838942408561706543e-01
7.522302269935607910e-01
8.431047797203063965e-01
6.637278795242309570e-01
8.187130689620971680e-01
7.475700378417968750e-01
7.123981118202209473e-01
6.669955253601074219e-01
8.472412228584289551e-01
5.774673819541931152e-01
9.566267728805541992e-01
3.150289058685302734e-01
9.546880722045898438e-01
8.074188232421875000e-01
8.700761795043945312e-01
7.156037688255310059e-01
7.884888052940368652e-01
6.695484519004821777e-01
8.862177133560180664e-01
6.036839485168457031e-01
9.462267160415649414e-01
6.704115867614746094e-01
8.841612339019775391e-01
3.654325604438781738e-01
9.302374720573425293e-01
7.236752510070800781e-01
8.097655773162841797e-01
7.806968688964843750e-01
7.215669155120849609e-01
7.527869343757629395e-01
6.866762638092041016e-01
8.884960412979125977e-01
5.109958052635192871e-01
9.399515390396118164e-01
8.621608018875122070e-01
5.405532717704772949e-01
8.836165070533752441e-01
6.704481840133666992e-01
7.514426708221435547e-01
8.171444535255432129e-01
7.078719139099121094e-01
8.822882175445556641e-01
6.343015432357788086e-01
7.420390844345092773e-01
7.234708070755004883e-01
7.845964431762695312e-01
7.664293050765991211e-01
8.502031564712524414e-01
4.884396195411682129e-01
9.189149737358093262e-01
4.792740345001220703e-01
8.470408916473388672e-01
8.257587552070617676e-01
6.285455226898193359e-01
8.111861944198608398e-01
6.462441682815551758e-01
8.272182941436767578e-01
7.846522331237792969e-01
8.279337882995605469e-01
7.153424620628356934e-01
8.454155921936035156e-01
7.302651405334472656e-01
7.901704311370849609e-01
8.278200030326843262e-01
5.988742113113403320e-01
9.173923730850219727e-01
6.601874828338623047e-01
8.739871978759765625e-01
7.382115721702575684e-01
8.290640115737915039e-01
7.110278606414794922e-01
7.921798229217529297e-01
7.740383148193359375e-01
7.653529047966003418e-01
8.607541322708129883e-01
7.122179865837097168e-01
9.044830799102783203e-01
7.275729179382324219e-01
8.574744462966918945e-01
4.739143550395965576e-01
9.484957456588745117e-01
7.896398901939392090e-01
8.051736950874328613e-01
8.840473294258117676e-01
6.357260346412658691e-01
8.451952338218688965e-01
4.200895428657531738e-01
9.075343012809753418e-01
5.893528461456298828e-01
8.636087775230407715e-01
7.344052791595458984e-01
8.908584117889404297e-01
8.610674142837524414e-01
7.294401526451110840e-01
7.521815299987792969e-01
8.237237334251403809e-01
6.418285369873046875e-01
8.431122303009033203e-01
7.671179771423339844e-01
8.076096773147583008e-01
8.627434968948364258e-01
8.389166593551635742e-01
6.961036920547485352e-01
8.652210235595703125e-01
6.963430643081665039e-01
9.045040607452392578e-01
7.290356755256652832e-01
8.836761116981506348e-01
7.985844016075134277e-01
9.002827405929565430e-01
8.244059085845947266e-01
7.433019280433654785e-01
8.618529438972473145e-01
5.585403442382812500e-01
9.455410242080688477e-01
3.749247789382934570e-01
9.220365285873413086e-01
8.058739900588989258e-01
8.878816366195678711e-01
6.942498683929443359e-01
9.199314713478088379e-01
6.409068107604980469e-01
8.416825532913208008e-01
6.220403909683227539e-01
8.828164339065551758e-01
7.383167743682861328e-01
9.111776351928710938e-01
8.162458539009094238e-01
6.987763643264770508e-01
6.881099343299865723e-01
6.601939201354980469e-01
8.881835937500000000e-01
8.623963594436645508e-01
8.204214572906494141e-01
8.714615106582641602e-01
6.786655187606811523e-01
8.811566829681396484e-01
8.665264844894409180e-01
5.958964228630065918e-01
9.437155723571777344e-01
4.952107071876525879e-01
9.479271173477172852e-01
3.437965214252471924e-01
9.349812865257263184e-01
8.825881481170654297e-01
6.140329837799072266e-01
9.562566876411437988e-01
6.714210510253906250e-01
8.683594465255737305e-01
7.481248378753662109e-01
7.916003465652465820e-01
7.455115318298339844e-01
7.550823092460632324e-01
8.270026445388793945e-01
7.664085626602172852e-01
8.055037260055541992e-01
6.285189390182495117e-01
8.559416532516479492e-01
7.794203162193298340e-01
7.864200472831726074e-01
6.817535161972045898e-01
7.994537353515625000e-01
7.599620819091796875e-01
8.647718429565429688e-01
7.896891832351684570e-01
8.547544479370117188e-01
7.676200866699218750e-01
7.993021011352539062e-01
8.197371363639831543e-01
7.307124137878417969e-01
8.237878084182739258e-01
5.996984243392944336e-01
9.370826482772827148e-01
5.432270765304565430e-01
8.901976943016052246e-01
8.065915107727050781e-01
8.282569646835327148e-01
8.336086273193359375e-01
7.387802600860595703e-01
8.585979938507080078e-01
5.857784748077392578e-01
8.768033981323242188e-01
6.263890266418457031e-01
9.098025560379028320e-01
3.306825757026672363e-01
8.919351100921630859e-01
9.399384260177612305e-01
4.841604828834533691e-01
8.356295824050903320e-01
9.187918305397033691e-01
5.927900671958923340e-01
9.186241626739501953e-01
7.074682116508483887e-01
7.999018430709838867e-01
7.156071662902832031e-01
8.779925107955932617e-01
6.806986331939697266e-01
9.466939568519592285e-01
8.113175034523010254e-01
8.030434846878051758e-01
7.956719398498535156e-01
8.630745410919189453e-01
7.932531833648681641e-01
7.384120821952819824e-01
8.307403326034545898e-01
8.150901794433593750e-01
7.915756702423095703e-01
9.063942432403564453e-01
7.189114689826965332e-01
9.270343184471130371e-01
6.809548139572143555e-01
8.828051686286926270e-01
6.997877359390258789e-01
7.833074331283569336e-01
8.147779703140258789e-01
7.942980527877807617e-01
7.270569205284118652e-01
8.204496502876281738e-01
6.081972122192382812e-01
8.759379386901855469e-01
4.649204313755035400e-01
9.306264519691467285e-01
2.184872329235076904e-01
8.937680721282958984e-01
7.781614065170288086e-01
8.223801255226135254e-01
7.034398317337036133e-01
8.812049627304077148e-01
5.586232542991638184e-01
9.188631772994995117e-01
6.721448898315429688e-01
8.132216334342956543e-01
9.197062253952026367e-01
6.859975457191467285e-01
8.432366847991943359e-01
8.032211661338806152e-01
7.889241576194763184e-01
8.147805929183959961e-01
8.242360949516296387e-01
8.330402374267578125e-01
8.857700824737548828e-01
8.158359527587890625e-01
8.511699438095092773e-01
7.295567393302917480e-01
9.096403121948242188e-01
7.268100976943969727e-01
8.911181688308715820e-01
7.793480157852172852e-01
7.765161991119384766e-01
7.329834103584289551e-01
7.455952167510986328e-01
8.501034975051879883e-01
8.091779947280883789e-01
8.519568443298339844e-01
8.722515106201171875e-01
8.881248235702514648e-01
7.215068340301513672e-01
9.041789770126342773e-01
6.752265691757202148e-01
7.694801688194274902e-01
8.787635564804077148e-01
6.791183948516845703e-01
7.829784154891967773e-01
7.475898265838623047e-01
8.161530494689941406e-01
8.347312211990356445e-01
7.560694217681884766e-01
8.792899847030639648e-01
7.700933814048767090e-01
8.587435483932495117e-01
7.813240289688110352e-01
9.076377153396606445e-01
6.702098250389099121e-01
8.771499991416931152e-01
4.367203116416931152e-01
9.603999853134155273e-01
6.100263595581054688e-01
8.886890411376953125e-01
6.676670908927917480e-01
8.053827881813049316e-01
8.634065389633178711e-01
6.741666197776794434e-01
8.414272069931030273e-01
6.151720285415649414e-01
8.718469142913818359e-01
6.476222872734069824e-01
9.238210320472717285e-01
6.991008520126342773e-01
8.749412298202514648e-01
8.608204722404479980e-01
7.509869337081909180e-01
6.933174133300781250e-01
8.538919091224670410e-01
4.602373242378234863e-01
9.196267127990722656e-01
8.844298720359802246e-01
7.961364984512329102e-01
8.804739713668823242e-01
7.605975270271301270e-01
8.502286672592163086e-01
7.603929042816162109e-01
7.476301193237304688e-01
9.006685018539428711e-01
6.960095167160034180e-01
8.831973671913146973e-01
7.979201078414916992e-01
8.870966434478759766e-01
7.259089946746826172e-01
8.920837640762329102e-01
6.043809652328491211e-01
9.297703504562377930e-01
7.476260662078857422e-01
8.767358064651489258e-01
8.577756285667419434e-01
8.063826560974121094e-01
8.125755786895751953e-01
6.822158098220825195e-01
9.039893150329589844e-01
4.244208931922912598e-01
8.941403627395629883e-01
8.746761679649353027e-01
7.744388580322265625e-01
9.059113860130310059e-01
6.826110482215881348e-01
9.102954864501953125e-01
5.617859363555908203e-01
8.709001541137695312e-01
7.530708909034729004e-01
8.729978203773498535e-01
8.307507634162902832e-01
8.300871849060058594e-01
7.414309978485107422e-01
8.859124779701232910e-01
7.986900806427001953e-01
7.713239789009094238e-01
8.622809648513793945e-01
6.723997592926025391e-01
8.971295356750488281e-01
8.246243596076965332e-01
8.229939937591552734e-01
8.262705802917480469e-01
8.035011291503906250e-01
8.659197092056274414e-01
7.911703586578369141e-01
8.716232776641845703e-01
8.026943206787109375e-01
8.037650585174560547e-01
8.347315788269042969e-01
7.722340226173400879e-01
8.915368318557739258e-01
6.405839920043945312e-01
9.224735498428344727e-01
7.411024570465087891e-01
8.726152777671813965e-01
8.658169507980346680e-01
8.109755516052246094e-01
7.749940156936645508e-01
9.112774729728698730e-01
7.251216173171997070e-01
8.543907999992370605e-01
6.567922830581665039e-01
9.263285398483276367e-01
3.673414587974548340e-01
9.405243992805480957e-01
6.613761186599731445e-01
9.407300949096679688e-01
8.388748168945312500e-01
8.403548002243041992e-01
8.112532496452331543e-01
8.083026409149169922e-01
9.043795466423034668e-01
6.469378471374511719e-01
9.118596315383911133e-01
7.814615964889526367e-01
7.735629677772521973e-01
9.344512224197387695e-01
2.705890536308288574e-01
9.324173927307128906e-01
7.050017714500427246e-01
8.711199760437011719e-01
7.004995942115783691e-01
9.242339134216308594e-01
2.658287286758422852e-01
8.994981646537780762e-01
8.477531671524047852e-01
5.748279094696044922e-01
9.660815596580505371e-01
2.964248061180114746e-01
9.615983963012695312e-01
8.214069008827209473e-01
7.283495664596557617e-01
9.484378099441528320e-01
4.870710670948028564e-01
8.919766545295715332e-01
8.478921651840209961e-01
8.267847299575805664e-01
7.579423189163208008e-01
8.695073127746582031e-01
5.454343557357788086e-01
9.016625881195068359e-01
7.844430208206176758e-01
7.445012331008911133e-01
8.482425212860107422e-01
7.082782983779907227e-01
8.778233528137207031e-01
7.835760712623596191e-01
7.799392342567443848e-01
7.423104643821716309e-01
7.873414754867553711e-01
8.607186675071716309e-01
7.725494503974914551e-01
7.480454444885253906e-01
9.218477010726928711e-01
6.116396188735961914e-01
8.693284392356872559e-01
8.100452423095703125e-01
7.432911396026611328e-01
8.323358893394470215e-01
8.502410054206848145e-01
7.621206045150756836e-01
8.079199194908142090e-01
8.113806247711181641e-01
7.621514797210693359e-01
8.888098001480102539e-01
7.622259855270385742e-01
8.392851948738098145e-01
8.105555772781372070e-01
8.022772073745727539e-01
8.214279413223266602e-01
8.094746470451354980e-01
6.599270701408386230e-01
8.874957561492919922e-01
6.070136427879333496e-01
9.598060846328735352e-01
7.936790585517883301e-01
7.771081328392028809e-01
8.902586698532104492e-01
6.660262942314147949e-01
8.230925202369689941e-01
7.652381658554077148e-01
8.279065489768981934e-01
8.241074681282043457e-01
7.157546281814575195e-01
8.915194272994995117e-01
7.162603735923767090e-01
8.949666023254394531e-01
5.259754657745361328e-01
9.329501986503601074e-01
6.153461933135986328e-01
9.164800643920898438e-01
9.328123331069946289e-01
7.769879102706909180e-01
8.723586201667785645e-01
8.987317085266113281e-01
5.780010819435119629e-01
8.862874507904052734e-01
7.701248526573181152e-01
8.306717872619628906e-01
8.452512025833129883e-01
7.589708566665649414e-01
8.426209092140197754e-01
7.472299337387084961e-01
9.169236421585083008e-01
8.033260107040405273e-01
8.453308343887329102e-01
7.674743533134460449e-01
8.282094001770019531e-01
8.840863704681396484e-01
8.607746362686157227e-01
8.261657357215881348e-01
9.078609943389892578e-01
6.034095287322998047e-01
9.354104995727539062e-01
5.465929508209228516e-01
9.245458841323852539e-01
7.959514856338500977e-01
8.514168858528137207e-01
8.143962025642395020e-01
8.547064661979675293e-01
7.854889631271362305e-01
8.362085819244384766e-01
8.670207262039184570e-01
6.963208913803100586e-01
8.794993162155151367e-01
7.109498977661132812e-01
8.290065526962280273e-01
8.622102737426757812e-01
7.467876672744750977e-01
8.406330347061157227e-01
8.044693470001220703e-01
8.473783731460571289e-01
8.763445615768432617e-01
7.011550664901733398e-01
9.459168910980224609e-01
5.932953357696533203e-01
9.208762645721435547e-01
4.315382242202758789e-01
9.824686050415039062e-01
3.835447132587432861e-01
9.796830415725708008e-01
3.650273680686950684e-01
9.227638244628906250e-01
6.455206274986267090e-01
8.841962814331054688e-01
5.035643577575683594e-01
9.249601364135742188e-01
4.416284859180450439e-01
9.407162666320800781e-01
3.773246109485626221e-01
9.641206264495849609e-01
3.533779680728912354e-01
9.617631435394287109e-01
7.379311323165893555e-01
8.099800944328308105e-01
7.959990501403808594e-01
6.890747547149658203e-01
8.887999057769775391e-01
6.748749017715454102e-01
8.696634173393249512e-01
8.423312902450561523e-01
8.404184579849243164e-01
8.388167619705200195e-01
6.996487975120544434e-01
8.344934582710266113e-01
6.366376876831054688e-01
8.821341991424560547e-01
7.950652837753295898e-01
8.520428538322448730e-01
6.638273000717163086e-01
8.968302607536315918e-01
7.291650176048278809e-01
8.143588304519653320e-01
8.787596225738525391e-01
7.142859101295471191e-01
8.172456026077270508e-01
7.475970983505249023e-01
8.502088189125061035e-01
8.001103997230529785e-01
7.892991304397583008e-01
8.754000067710876465e-01
6.590074300765991211e-01
9.021381139755249023e-01
8.147302269935607910e-01
8.423215150833129883e-01
8.429512977600097656e-01
7.987323999404907227e-01
7.270001173019409180e-01
7.404903173446655273e-01
9.230518341064453125e-01
6.654611229896545410e-01
8.909153938293457031e-01
8.611390590667724609e-01
8.043239116668701172e-01
7.820875644683837891e-01
9.019120931625366211e-01
7.578640580177307129e-01
8.664180040359497070e-01
7.912777066230773926e-01
8.466113805770874023e-01
7.393429875373840332e-01
8.351413011550903320e-01
6.756275892257690430e-01
9.236240386962890625e-01
7.656476497650146484e-01
8.935104608535766602e-01
8.280749320983886719e-01
8.863731622695922852e-01
7.438576221466064453e-01
8.356957435607910156e-01
8.677310347557067871e-01
7.548915147781372070e-01
8.776839971542358398e-01
7.282645702362060547e-01
8.864052295684814453e-01
6.427483558654785156e-01
9.298709630966186523e-01
7.422218918800354004e-01
8.545504808425903320e-01
7.893515229225158691e-01
8.504002690315246582e-01
8.440072536468505859e-01
8.234850764274597168e-01
8.049675226211547852e-01
8.082088232040405273e-01
7.926733493804931641e-01
8.302853107452392578e-01
7.922037839889526367e-01
8.339557051658630371e-01
8.567707538604736328e-01
5.880650877952575684e-01
9.173952341079711914e-01
7.718368172645568848e-01
8.452150821685791016e-01
6.731742620468139648e-01
9.077141284942626953e-01
7.839614152908325195e-01
8.533469438552856445e-01
7.843573689460754395e-01
8.536694049835205078e-01
7.454964518547058105e-01
8.685675859451293945e-01
6.992497444152832031e-01
9.105463027954101562e-01
8.090977668762207031e-01
8.329415917396545410e-01
8.083035349845886230e-01
7.748926281929016113e-01
8.228715062141418457e-01
6.930230259895324707e-01
8.987488746643066406e-01
6.650677919387817383e-01
9.193934798240661621e-01
9.051038026809692383e-01
6.789034605026245117e-01
9.001415967941284180e-01
8.597481846809387207e-01
8.299342393875122070e-01
8.655591011047363281e-01
7.999732494354248047e-01
8.519934415817260742e-01
7.353713512420654297e-01
8.988795280456542969e-01
8.121001720428466797e-01
7.995402216911315918e-01
8.610376119613647461e-01
6.897600293159484863e-01
9.295691847801208496e-01
5.272229313850402832e-01
9.567343592643737793e-01
1.587439030408859253e-01
9.397884011268615723e-01
9.218125343322753906e-01
8.673285841941833496e-01
9.046454429626464844e-01
3.847125172615051270e-01
9.846740961074829102e-01
1.541937589645385742e-01
9.430466294288635254e-01
6.282406449317932129e-01
8.722933530807495117e-01
8.721606731414794922e-01
6.731657981872558594e-01
8.475116491317749023e-01
5.775300264358520508e-01
8.551535606384277344e-01
4.749647974967956543e-01
9.298515319824218750e-01
7.250926494598388672e-01
8.630301952362060547e-01
8.407865762710571289e-01
7.578818202018737793e-01
8.340278863906860352e-01
7.522995471954345703e-01
7.869825363159179688e-01
7.060768008232116699e-01
8.276600837707519531e-01
6.326825618743896484e-01
9.104855060577392578e-01
8.341993689537048340e-01
7.964315414428710938e-01
8.128870725631713867e-01
7.764157652854919434e-01
6.445926427841186523e-01
9.261913895606994629e-01
6.824672222137451172e-01
8.788790702819824219e-01
9.002474546432495117e-01
6.954911351203918457e-01
8.587278723716735840e-01
7.742663621902465820e-01
7.906925678253173828e-01
8.486315011978149414e-01
8.875099420547485352e-01
8.247919082641601562e-01
8.864004015922546387e-01
